0 0 *
1 1
2 1
3 2
4 3
5 5
6 8
7 13
8 2
9 15
10 17
11 13
12 11
13 5
14 16
15 2
16 18
17 1
18 0 *
19 1
20 1
21 2
22 3
23 5
24 8
25 13
26 2
27 15
28 17
29 13
30 11
31 5
32 16
33 2
34 18
35 1
36 0 *
37 1
38 1
39 2
40 3
41 5
42 8
43 13
44 2
45 15
46 17
47 13
48 11
49 5
50 16
51 2
52 18
53 1
54 0 *
55 1
56 1
57 2
58 3
59 5
60 8
61 13
62 2
63 15
64 17
65 13
66 11
67 5
68 16
69 2
70 18
71 1
72 0 *
73 1
74 1
75 2
76 3
77 5
78 8
79 13
80 2
81 15
82 17
83 13
84 11
85 5
86 16
87 2
88 18
89 1
90 0 *
91 1
92 1
93 2
94 3
95 5
96 8
97 13
98 2
99 15
100 17
101 13
102 11
103 5
104 16
105 2
106 18
107 1
108 0 *
109 1
110 1
111 2
112 3
113 5
114 8
115 13
116 2
117 15
118 17
119 13
120 11
121 5
122 16
123 2
124 18
125 1
126 0 *
127 1
128 1
129 2
130 3
131 5
132 8
133 13
134 2
135 15
136 17
137 13
138 11
139 5
140 16
141 2
142 18
143 1
144 0 *
145 1
146 1
147 2
148 3
149 5
150 8
151 13
152 2
153 15
154 17
155 13
156 11
157 5
158 16
159 2
160 18
161 1
162 0 *
163 1
164 1
165 2
166 3
167 5
168 8
169 13
170 2
171 15
172 17
173 13
174 11
175 5
176 16
177 2
178 18
179 1
180 0 *
181 1
182 1
183 2
184 3
185 5
186 8
187 13
188 2
189 15
190 17
191 13
192 11
193 5
194 16
195 2
196 18
197 1
198 0 *
199 1
200 1
201 2
202 3
203 5
204 8
205 13
206 2
207 15
208 17
209 13
210 11
211 5
212 16
213 2
214 18
215 1
216 0 *
217 1
218 1
219 2
220 3
221 5
222 8
223 13
224 2
225 15
226 17
227 13
228 11
229 5
230 16
231 2
232 18
233 1
234 0 *
235 1
236 1
237 2
238 3
239 5
240 8
241 13
242 2
243 15
244 17
245 13
246 11
247 5
248 16
249 2
250 18
251 1
252 0 *
253 1
254 1
255 2
256 3
257 5
258 8
259 13
260 2
261 15
262 17
263 13
264 11
265 5
266 16
267 2
268 18
269 1
270 0 *
271 1
272 1
273 2
274 3
275 5
276 8
277 13
278 2
279 15
280 17
281 13
282 11
283 5
284 16
285 2
286 18
287 1
288 0 *
289 1
290 1
291 2
292 3
293 5
294 8
295 13
296 2
297 15
298 17
299 13
300 11
301 5
302 16
303 2
304 18
305 1
306 0 *
307 1
308 1
309 2
310 3
311 5
312 8
313 13
314 2
315 15
316 17
317 13
318 11
319 5
320 16
321 2
322 18
323 1
324 0 *
325 1
326 1
327 2
328 3
329 5
330 8
331 13
332 2
333 15
334 17
335 13
336 11
337 5
338 16
339 2
340 18
341 1
342 0 *
343 1
344 1
345 2
346 3
347 5
348 8
349 13
350 2
351 15
352 17
353 13
354 11
355 5
356 16
357 2
358 18
359 1
360 0 *
361 1
362 1
363 2
364 3
365 5
366 8
367 13
368 2
369 15
370 17
371 13
372 11
373 5
374 16
375 2
376 18
377 1
378 0 *
379 1
380 1
381 2
382 3
383 5
384 8
385 13
386 2
387 15
388 17
389 13
390 11
391 5
392 16
393 2
394 18
395 1
396 0 *
397 1
398 1
399 2
400 3
401 5
402 8
403 13
404 2
405 15
406 17
407 13
408 11
409 5
410 16
411 2
412 18
413 1
414 0 *
415 1
416 1
417 2
418 3
419 5
420 8
421 13
422 2
423 15
424 17
425 13
426 11
427 5
428 16
429 2
430 18
431 1
432 0 *
433 1
434 1
435 2
436 3
437 5
438 8
439 13
440 2
441 15
442 17
443 13
444 11
445 5
446 16
447 2
448 18
449 1
450 0 *
451 1
452 1
453 2
454 3
455 5
456 8
457 13
458 2
459 15
460 17
461 13
462 11
463 5
464 16
465 2
466 18
467 1
468 0 *
469 1
470 1
471 2
472 3
473 5
474 8
475 13
476 2
477 15
478 17
479 13
480 11
481 5
482 16
483 2
484 18
485 1
486 0 *
487 1
488 1
489 2
490 3
491 5
492 8
493 13
494 2
495 15
496 17
497 13
498 11
499 5
500 16
501 2
502 18
503 1
504 0 *
505 1
506 1
507 2
508 3
509 5
510 8
511 13
512 2
513 15
514 17
515 13
516 11
517 5
518 16
519 2
520 18
521 1
522 0 *
523 1
524 1
525 2
526 3
527 5
528 8
529 13
530 2
531 15
532 17
533 13
534 11
535 5
536 16
537 2
538 18
539 1
540 0 *
541 1
542 1
543 2
544 3
545 5
546 8
547 13
548 2
549 15
550 17
551 13
552 11
553 5
554 16
555 2
556 18
557 1
558 0 *
559 1
560 1
561 2
562 3
563 5
564 8
565 13
566 2
567 15
568 17
569 13
570 11
571 5
572 16
573 2
574 18
575 1
576 0 *
577 1
578 1
579 2
580 3
581 5
582 8
583 13
584 2
585 15
586 17
587 13
588 11
589 5
590 16
591 2
592 18
593 1
594 0 *
595 1
596 1
597 2
598 3
599 5
600 8
601 13
602 2
603 15
604 17
605 13
606 11
607 5
608 16
609 2
610 18
611 1
612 0 *
613 1
614 1
615 2
616 3
617 5
618 8
619 13
620 2
621 15
622 17
623 13
624 11
625 5
626 16
627 2
628 18
629 1
630 0 *
631 1
632 1
633 2
634 3
635 5
636 8
637 13
638 2
639 15
640 17
641 13
642 11
643 5
644 16
645 2
646 18
647 1
648 0 *
649 1
650 1
651 2
652 3
653 5
654 8
655 13
656 2
657 15
658 17
659 13
660 11
661 5
662 16
663 2
664 18
665 1
666 0 *
667 1
668 1
669 2
670 3
671 5
672 8
673 13
674 2
675 15
676 17
677 13
678 11
679 5
680 16
681 2
682 18
683 1
684 0 *
685 1
686 1
687 2
688 3
689 5
690 8
691 13
692 2
693 15
694 17
695 13
696 11
697 5
698 16
699 2
700 18
701 1
702 0 *
703 1
704 1
705 2
706 3
707 5
708 8
709 13
710 2
711 15
712 17
713 13
714 11
715 5
716 16
717 2
718 18
719 1
720 0 *
721 1
722 1
723 2
724 3
725 5
726 8
727 13
728 2
729 15
730 17
731 13
732 11
733 5
734 16
735 2
736 18
737 1
738 0 *
739 1
740 1
741 2
742 3
743 5
744 8
745 13
746 2
747 15
748 17
749 13
750 11
751 5
752 16
753 2
754 18
755 1
756 0 *
757 1
758 1
759 2
760 3
761 5
762 8
763 13
764 2
765 15
766 17
767 13
768 11
769 5
770 16
771 2
772 18
773 1
774 0 *
775 1
776 1
777 2
778 3
779 5
780 8
781 13
782 2
783 15
784 17
785 13
786 11
787 5
788 16
789 2
790 18
791 1
792 0 *
793 1
794 1
795 2
796 3
797 5
798 8
799 13
800 2
801 15
802 17
803 13
804 11
805 5
806 16
807 2
808 18
809 1
810 0 *
811 1
812 1
813 2
814 3
815 5
816 8
817 13
818 2
819 15
820 17
821 13
822 11
823 5
824 16
825 2
826 18
827 1
828 0 *
829 1
830 1
831 2
832 3
833 5
834 8
835 13
836 2
837 15
838 17
839 13
840 11
841 5
842 16
843 2
844 18
845 1
846 0 *
847 1
848 1
849 2
850 3
851 5
852 8
853 13
854 2
855 15
856 17
857 13
858 11
859 5
860 16
861 2
862 18
863 1
864 0 *
865 1
866 1
867 2
868 3
869 5
870 8
871 13
872 2
873 15
874 17
875 13
876 11
877 5
878 16
879 2
880 18
881 1
882 0 *
883 1
884 1
885 2
886 3
887 5
888 8
889 13
890 2
891 15
892 17
893 13
894 11
895 5
896 16
897 2
898 18
899 1
900 0 *
901 1
902 1
903 2
904 3
905 5
906 8
907 13
908 2
909 15
910 17
911 13
912 11
913 5
914 16
915 2
916 18
917 1
918 0 *
919 1
920 1
921 2
922 3
923 5
924 8
925 13
926 2
927 15
928 17
929 13
930 11
931 5
932 16
933 2
934 18
935 1
936 0 *
937 1
938 1
939 2
940 3
941 5
942 8
943 13
944 2
945 15
946 17
947 13
948 11
949 5
950 16
951 2
952 18
953 1
954 0 *
955 1
956 1
957 2
958 3
959 5
960 8
961 13
962 2
963 15
964 17
965 13
966 11
967 5
968 16
969 2
970 18
971 1
972 0 *
973 1
974 1
975 2
976 3
977 5
978 8
979 13
980 2
981 15
982 17
983 13
984 11
985 5
986 16
987 2
988 18
989 1
990 0 *
991 1
992 1
993 2
994 3
995 5
996 8
997 13
998 2
999 15
