0 0 *
1 1
2 1
3 2
4 3
5 5
6 8
7 13
8 21
9 11
10 9
11 20
12 6
13 3
14 9
15 12
16 21
17 10
18 8
19 18
20 3
21 21
22 1
23 22
24 0
25 22
26 22
27 21
28 20
29 18
30 15
31 10
32 2
33 12
34 14
35 3
36 17
37 20
38 14
39 11
40 2
41 13
42 15
43 5
44 20
45 2
46 22
47 1
48 0 *
49 1
50 1
51 2
52 3
53 5
54 8
55 13
56 21
57 11
58 9
59 20
60 6
61 3
62 9
63 12
64 21
65 10
66 8
67 18
68 3
69 21
70 1
71 22
72 0
73 22
74 22
75 21
76 20
77 18
78 15
79 10
80 2
81 12
82 14
83 3
84 17
85 20
86 14
87 11
88 2
89 13
90 15
91 5
92 20
93 2
94 22
95 1
96 0 *
97 1
98 1
99 2
100 3
101 5
102 8
103 13
104 21
105 11
106 9
107 20
108 6
109 3
110 9
111 12
112 21
113 10
114 8
115 18
116 3
117 21
118 1
119 22
120 0
121 22
122 22
123 21
124 20
125 18
126 15
127 10
128 2
129 12
130 14
131 3
132 17
133 20
134 14
135 11
136 2
137 13
138 15
139 5
140 20
141 2
142 22
143 1
144 0 *
145 1
146 1
147 2
148 3
149 5
150 8
151 13
152 21
153 11
154 9
155 20
156 6
157 3
158 9
159 12
160 21
161 10
162 8
163 18
164 3
165 21
166 1
167 22
168 0
169 22
170 22
171 21
172 20
173 18
174 15
175 10
176 2
177 12
178 14
179 3
180 17
181 20
182 14
183 11
184 2
185 13
186 15
187 5
188 20
189 2
190 22
191 1
192 0 *
193 1
194 1
195 2
196 3
197 5
198 8
199 13
200 21
201 11
202 9
203 20
204 6
205 3
206 9
207 12
208 21
209 10
210 8
211 18
212 3
213 21
214 1
215 22
216 0
217 22
218 22
219 21
220 20
221 18
222 15
223 10
224 2
225 12
226 14
227 3
228 17
229 20
230 14
231 11
232 2
233 13
234 15
235 5
236 20
237 2
238 22
239 1
240 0 *
241 1
242 1
243 2
244 3
245 5
246 8
247 13
248 21
249 11
250 9
251 20
252 6
253 3
254 9
255 12
256 21
257 10
258 8
259 18
260 3
261 21
262 1
263 22
264 0
265 22
266 22
267 21
268 20
269 18
270 15
271 10
272 2
273 12
274 14
275 3
276 17
277 20
278 14
279 11
280 2
281 13
282 15
283 5
284 20
285 2
286 22
287 1
288 0 *
289 1
290 1
291 2
292 3
293 5
294 8
295 13
296 21
297 11
298 9
299 20
300 6
301 3
302 9
303 12
304 21
305 10
306 8
307 18
308 3
309 21
310 1
311 22
312 0
313 22
314 22
315 21
316 20
317 18
318 15
319 10
320 2
321 12
322 14
323 3
324 17
325 20
326 14
327 11
328 2
329 13
330 15
331 5
332 20
333 2
334 22
335 1
336 0 *
337 1
338 1
339 2
340 3
341 5
342 8
343 13
344 21
345 11
346 9
347 20
348 6
349 3
350 9
351 12
352 21
353 10
354 8
355 18
356 3
357 21
358 1
359 22
360 0
361 22
362 22
363 21
364 20
365 18
366 15
367 10
368 2
369 12
370 14
371 3
372 17
373 20
374 14
375 11
376 2
377 13
378 15
379 5
380 20
381 2
382 22
383 1
384 0 *
385 1
386 1
387 2
388 3
389 5
390 8
391 13
392 21
393 11
394 9
395 20
396 6
397 3
398 9
399 12
400 21
401 10
402 8
403 18
404 3
405 21
406 1
407 22
408 0
409 22
410 22
411 21
412 20
413 18
414 15
415 10
416 2
417 12
418 14
419 3
420 17
421 20
422 14
423 11
424 2
425 13
426 15
427 5
428 20
429 2
430 22
431 1
432 0 *
433 1
434 1
435 2
436 3
437 5
438 8
439 13
440 21
441 11
442 9
443 20
444 6
445 3
446 9
447 12
448 21
449 10
450 8
451 18
452 3
453 21
454 1
455 22
456 0
457 22
458 22
459 21
460 20
461 18
462 15
463 10
464 2
465 12
466 14
467 3
468 17
469 20
470 14
471 11
472 2
473 13
474 15
475 5
476 20
477 2
478 22
479 1
480 0 *
481 1
482 1
483 2
484 3
485 5
486 8
487 13
488 21
489 11
490 9
491 20
492 6
493 3
494 9
495 12
496 21
497 10
498 8
499 18
500 3
501 21
502 1
503 22
504 0
505 22
506 22
507 21
508 20
509 18
510 15
511 10
512 2
513 12
514 14
515 3
516 17
517 20
518 14
519 11
520 2
521 13
522 15
523 5
524 20
525 2
526 22
527 1
528 0 *
529 1
530 1
531 2
532 3
533 5
534 8
535 13
536 21
537 11
538 9
539 20
540 6
541 3
542 9
543 12
544 21
545 10
546 8
547 18
548 3
549 21
550 1
551 22
552 0
553 22
554 22
555 21
556 20
557 18
558 15
559 10
560 2
561 12
562 14
563 3
564 17
565 20
566 14
567 11
568 2
569 13
570 15
571 5
572 20
573 2
574 22
575 1
576 0 *
577 1
578 1
579 2
580 3
581 5
582 8
583 13
584 21
585 11
586 9
587 20
588 6
589 3
590 9
591 12
592 21
593 10
594 8
595 18
596 3
597 21
598 1
599 22
600 0
601 22
602 22
603 21
604 20
605 18
606 15
607 10
608 2
609 12
610 14
611 3
612 17
613 20
614 14
615 11
616 2
617 13
618 15
619 5
620 20
621 2
622 22
623 1
624 0 *
625 1
626 1
627 2
628 3
629 5
630 8
631 13
632 21
633 11
634 9
635 20
636 6
637 3
638 9
639 12
640 21
641 10
642 8
643 18
644 3
645 21
646 1
647 22
648 0
649 22
650 22
651 21
652 20
653 18
654 15
655 10
656 2
657 12
658 14
659 3
660 17
661 20
662 14
663 11
664 2
665 13
666 15
667 5
668 20
669 2
670 22
671 1
672 0 *
673 1
674 1
675 2
676 3
677 5
678 8
679 13
680 21
681 11
682 9
683 20
684 6
685 3
686 9
687 12
688 21
689 10
690 8
691 18
692 3
693 21
694 1
695 22
696 0
697 22
698 22
699 21
700 20
701 18
702 15
703 10
704 2
705 12
706 14
707 3
708 17
709 20
710 14
711 11
712 2
713 13
714 15
715 5
716 20
717 2
718 22
719 1
720 0 *
721 1
722 1
723 2
724 3
725 5
726 8
727 13
728 21
729 11
730 9
731 20
732 6
733 3
734 9
735 12
736 21
737 10
738 8
739 18
740 3
741 21
742 1
743 22
744 0
745 22
746 22
747 21
748 20
749 18
750 15
751 10
752 2
753 12
754 14
755 3
756 17
757 20
758 14
759 11
760 2
761 13
762 15
763 5
764 20
765 2
766 22
767 1
768 0 *
769 1
770 1
771 2
772 3
773 5
774 8
775 13
776 21
777 11
778 9
779 20
780 6
781 3
782 9
783 12
784 21
785 10
786 8
787 18
788 3
789 21
790 1
791 22
792 0
793 22
794 22
795 21
796 20
797 18
798 15
799 10
800 2
801 12
802 14
803 3
804 17
805 20
806 14
807 11
808 2
809 13
810 15
811 5
812 20
813 2
814 22
815 1
816 0 *
817 1
818 1
819 2
820 3
821 5
822 8
823 13
824 21
825 11
826 9
827 20
828 6
829 3
830 9
831 12
832 21
833 10
834 8
835 18
836 3
837 21
838 1
839 22
840 0
841 22
842 22
843 21
844 20
845 18
846 15
847 10
848 2
849 12
850 14
851 3
852 17
853 20
854 14
855 11
856 2
857 13
858 15
859 5
860 20
861 2
862 22
863 1
864 0 *
865 1
866 1
867 2
868 3
869 5
870 8
871 13
872 21
873 11
874 9
875 20
876 6
877 3
878 9
879 12
880 21
881 10
882 8
883 18
884 3
885 21
886 1
887 22
888 0
889 22
890 22
891 21
892 20
893 18
894 15
895 10
896 2
897 12
898 14
899 3
900 17
901 20
902 14
903 11
904 2
905 13
906 15
907 5
908 20
909 2
910 22
911 1
912 0 *
913 1
914 1
915 2
916 3
917 5
918 8
919 13
920 21
921 11
922 9
923 20
924 6
925 3
926 9
927 12
928 21
929 10
930 8
931 18
932 3
933 21
934 1
935 22
936 0
937 22
938 22
939 21
940 20
941 18
942 15
943 10
944 2
945 12
946 14
947 3
948 17
949 20
950 14
951 11
952 2
953 13
954 15
955 5
956 20
957 2
958 22
959 1
960 0 *
961 1
962 1
963 2
964 3
965 5
966 8
967 13
968 21
969 11
970 9
971 20
972 6
973 3
974 9
975 12
976 21
977 10
978 8
979 18
980 3
981 21
982 1
983 22
984 0
985 22
986 22
987 21
988 20
989 18
990 15
991 10
992 2
993 12
994 14
995 3
996 17
997 20
998 14
999 11
