0 0 *
1 1
2 1
3 0 *
4 1
5 1
6 0 *
7 1
8 1
9 0 *
10 1
11 1
12 0 *
13 1
14 1
15 0 *
16 1
17 1
18 0 *
19 1
20 1
21 0 *
22 1
23 1
24 0 *
25 1
26 1
27 0 *
28 1
29 1
30 0 *
31 1
32 1
33 0 *
34 1
35 1
36 0 *
37 1
38 1
39 0 *
40 1
41 1
42 0 *
43 1
44 1
45 0 *
46 1
47 1
48 0 *
49 1
50 1
51 0 *
52 1
53 1
54 0 *
55 1
56 1
57 0 *
58 1
59 1
60 0 *
61 1
62 1
63 0 *
64 1
65 1
66 0 *
67 1
68 1
69 0 *
70 1
71 1
72 0 *
73 1
74 1
75 0 *
76 1
77 1
78 0 *
79 1
80 1
81 0 *
82 1
83 1
84 0 *
85 1
86 1
87 0 *
88 1
89 1
90 0 *
91 1
92 1
93 0 *
94 1
95 1
96 0 *
97 1
98 1
99 0 *
100 1
101 1
102 0 *
103 1
104 1
105 0 *
106 1
107 1
108 0 *
109 1
110 1
111 0 *
112 1
113 1
114 0 *
115 1
116 1
117 0 *
118 1
119 1
120 0 *
121 1
122 1
123 0 *
124 1
125 1
126 0 *
127 1
128 1
129 0 *
130 1
131 1
132 0 *
133 1
134 1
135 0 *
136 1
137 1
138 0 *
139 1
140 1
141 0 *
142 1
143 1
144 0 *
145 1
146 1
147 0 *
148 1
149 1
150 0 *
151 1
152 1
153 0 *
154 1
155 1
156 0 *
157 1
158 1
159 0 *
160 1
161 1
162 0 *
163 1
164 1
165 0 *
166 1
167 1
168 0 *
169 1
170 1
171 0 *
172 1
173 1
174 0 *
175 1
176 1
177 0 *
178 1
179 1
180 0 *
181 1
182 1
183 0 *
184 1
185 1
186 0 *
187 1
188 1
189 0 *
190 1
191 1
192 0 *
193 1
194 1
195 0 *
196 1
197 1
198 0 *
199 1
200 1
201 0 *
202 1
203 1
204 0 *
205 1
206 1
207 0 *
208 1
209 1
210 0 *
211 1
212 1
213 0 *
214 1
215 1
216 0 *
217 1
218 1
219 0 *
220 1
221 1
222 0 *
223 1
224 1
225 0 *
226 1
227 1
228 0 *
229 1
230 1
231 0 *
232 1
233 1
234 0 *
235 1
236 1
237 0 *
238 1
239 1
240 0 *
241 1
242 1
243 0 *
244 1
245 1
246 0 *
247 1
248 1
249 0 *
250 1
251 1
252 0 *
253 1
254 1
255 0 *
256 1
257 1
258 0 *
259 1
260 1
261 0 *
262 1
263 1
264 0 *
265 1
266 1
267 0 *
268 1
269 1
270 0 *
271 1
272 1
273 0 *
274 1
275 1
276 0 *
277 1
278 1
279 0 *
280 1
281 1
282 0 *
283 1
284 1
285 0 *
286 1
287 1
288 0 *
289 1
290 1
291 0 *
292 1
293 1
294 0 *
295 1
296 1
297 0 *
298 1
299 1
300 0 *
301 1
302 1
303 0 *
304 1
305 1
306 0 *
307 1
308 1
309 0 *
310 1
311 1
312 0 *
313 1
314 1
315 0 *
316 1
317 1
318 0 *
319 1
320 1
321 0 *
322 1
323 1
324 0 *
325 1
326 1
327 0 *
328 1
329 1
330 0 *
331 1
332 1
333 0 *
334 1
335 1
336 0 *
337 1
338 1
339 0 *
340 1
341 1
342 0 *
343 1
344 1
345 0 *
346 1
347 1
348 0 *
349 1
350 1
351 0 *
352 1
353 1
354 0 *
355 1
356 1
357 0 *
358 1
359 1
360 0 *
361 1
362 1
363 0 *
364 1
365 1
366 0 *
367 1
368 1
369 0 *
370 1
371 1
372 0 *
373 1
374 1
375 0 *
376 1
377 1
378 0 *
379 1
380 1
381 0 *
382 1
383 1
384 0 *
385 1
386 1
387 0 *
388 1
389 1
390 0 *
391 1
392 1
393 0 *
394 1
395 1
396 0 *
397 1
398 1
399 0 *
400 1
401 1
402 0 *
403 1
404 1
405 0 *
406 1
407 1
408 0 *
409 1
410 1
411 0 *
412 1
413 1
414 0 *
415 1
416 1
417 0 *
418 1
419 1
420 0 *
421 1
422 1
423 0 *
424 1
425 1
426 0 *
427 1
428 1
429 0 *
430 1
431 1
432 0 *
433 1
434 1
435 0 *
436 1
437 1
438 0 *
439 1
440 1
441 0 *
442 1
443 1
444 0 *
445 1
446 1
447 0 *
448 1
449 1
450 0 *
451 1
452 1
453 0 *
454 1
455 1
456 0 *
457 1
458 1
459 0 *
460 1
461 1
462 0 *
463 1
464 1
465 0 *
466 1
467 1
468 0 *
469 1
470 1
471 0 *
472 1
473 1
474 0 *
475 1
476 1
477 0 *
478 1
479 1
480 0 *
481 1
482 1
483 0 *
484 1
485 1
486 0 *
487 1
488 1
489 0 *
490 1
491 1
492 0 *
493 1
494 1
495 0 *
496 1
497 1
498 0 *
499 1
500 1
501 0 *
502 1
503 1
504 0 *
505 1
506 1
507 0 *
508 1
509 1
510 0 *
511 1
512 1
513 0 *
514 1
515 1
516 0 *
517 1
518 1
519 0 *
520 1
521 1
522 0 *
523 1
524 1
525 0 *
526 1
527 1
528 0 *
529 1
530 1
531 0 *
532 1
533 1
534 0 *
535 1
536 1
537 0 *
538 1
539 1
540 0 *
541 1
542 1
543 0 *
544 1
545 1
546 0 *
547 1
548 1
549 0 *
550 1
551 1
552 0 *
553 1
554 1
555 0 *
556 1
557 1
558 0 *
559 1
560 1
561 0 *
562 1
563 1
564 0 *
565 1
566 1
567 0 *
568 1
569 1
570 0 *
571 1
572 1
573 0 *
574 1
575 1
576 0 *
577 1
578 1
579 0 *
580 1
581 1
582 0 *
583 1
584 1
585 0 *
586 1
587 1
588 0 *
589 1
590 1
591 0 *
592 1
593 1
594 0 *
595 1
596 1
597 0 *
598 1
599 1
600 0 *
601 1
602 1
603 0 *
604 1
605 1
606 0 *
607 1
608 1
609 0 *
610 1
611 1
612 0 *
613 1
614 1
615 0 *
616 1
617 1
618 0 *
619 1
620 1
621 0 *
622 1
623 1
624 0 *
625 1
626 1
627 0 *
628 1
629 1
630 0 *
631 1
632 1
633 0 *
634 1
635 1
636 0 *
637 1
638 1
639 0 *
640 1
641 1
642 0 *
643 1
644 1
645 0 *
646 1
647 1
648 0 *
649 1
650 1
651 0 *
652 1
653 1
654 0 *
655 1
656 1
657 0 *
658 1
659 1
660 0 *
661 1
662 1
663 0 *
664 1
665 1
666 0 *
667 1
668 1
669 0 *
670 1
671 1
672 0 *
673 1
674 1
675 0 *
676 1
677 1
678 0 *
679 1
680 1
681 0 *
682 1
683 1
684 0 *
685 1
686 1
687 0 *
688 1
689 1
690 0 *
691 1
692 1
693 0 *
694 1
695 1
696 0 *
697 1
698 1
699 0 *
700 1
701 1
702 0 *
703 1
704 1
705 0 *
706 1
707 1
708 0 *
709 1
710 1
711 0 *
712 1
713 1
714 0 *
715 1
716 1
717 0 *
718 1
719 1
720 0 *
721 1
722 1
723 0 *
724 1
725 1
726 0 *
727 1
728 1
729 0 *
730 1
731 1
732 0 *
733 1
734 1
735 0 *
736 1
737 1
738 0 *
739 1
740 1
741 0 *
742 1
743 1
744 0 *
745 1
746 1
747 0 *
748 1
749 1
750 0 *
751 1
752 1
753 0 *
754 1
755 1
756 0 *
757 1
758 1
759 0 *
760 1
761 1
762 0 *
763 1
764 1
765 0 *
766 1
767 1
768 0 *
769 1
770 1
771 0 *
772 1
773 1
774 0 *
775 1
776 1
777 0 *
778 1
779 1
780 0 *
781 1
782 1
783 0 *
784 1
785 1
786 0 *
787 1
788 1
789 0 *
790 1
791 1
792 0 *
793 1
794 1
795 0 *
796 1
797 1
798 0 *
799 1
800 1
801 0 *
802 1
803 1
804 0 *
805 1
806 1
807 0 *
808 1
809 1
810 0 *
811 1
812 1
813 0 *
814 1
815 1
816 0 *
817 1
818 1
819 0 *
820 1
821 1
822 0 *
823 1
824 1
825 0 *
826 1
827 1
828 0 *
829 1
830 1
831 0 *
832 1
833 1
834 0 *
835 1
836 1
837 0 *
838 1
839 1
840 0 *
841 1
842 1
843 0 *
844 1
845 1
846 0 *
847 1
848 1
849 0 *
850 1
851 1
852 0 *
853 1
854 1
855 0 *
856 1
857 1
858 0 *
859 1
860 1
861 0 *
862 1
863 1
864 0 *
865 1
866 1
867 0 *
868 1
869 1
870 0 *
871 1
872 1
873 0 *
874 1
875 1
876 0 *
877 1
878 1
879 0 *
880 1
881 1
882 0 *
883 1
884 1
885 0 *
886 1
887 1
888 0 *
889 1
890 1
891 0 *
892 1
893 1
894 0 *
895 1
896 1
897 0 *
898 1
899 1
900 0 *
901 1
902 1
903 0 *
904 1
905 1
906 0 *
907 1
908 1
909 0 *
910 1
911 1
912 0 *
913 1
914 1
915 0 *
916 1
917 1
918 0 *
919 1
920 1
921 0 *
922 1
923 1
924 0 *
925 1
926 1
927 0 *
928 1
929 1
930 0 *
931 1
932 1
933 0 *
934 1
935 1
936 0 *
937 1
938 1
939 0 *
940 1
941 1
942 0 *
943 1
944 1
945 0 *
946 1
947 1
948 0 *
949 1
950 1
951 0 *
952 1
953 1
954 0 *
955 1
956 1
957 0 *
958 1
959 1
960 0 *
961 1
962 1
963 0 *
964 1
965 1
966 0 *
967 1
968 1
969 0 *
970 1
971 1
972 0 *
973 1
974 1
975 0 *
976 1
977 1
978 0 *
979 1
980 1
981 0 *
982 1
983 1
984 0 *
985 1
986 1
987 0 *
988 1
989 1
990 0 *
991 1
992 1
993 0 *
994 1
995 1
996 0 *
997 1
998 1
999 0 *
