0 0 *
1 1
2 1
3 2
4 3
5 1
6 0 *
7 1
8 1
9 2
10 3
11 1
12 0 *
13 1
14 1
15 2
16 3
17 1
18 0 *
19 1
20 1
21 2
22 3
23 1
24 0 *
25 1
26 1
27 2
28 3
29 1
30 0 *
31 1
32 1
33 2
34 3
35 1
36 0 *
37 1
38 1
39 2
40 3
41 1
42 0 *
43 1
44 1
45 2
46 3
47 1
48 0 *
49 1
50 1
51 2
52 3
53 1
54 0 *
55 1
56 1
57 2
58 3
59 1
60 0 *
61 1
62 1
63 2
64 3
65 1
66 0 *
67 1
68 1
69 2
70 3
71 1
72 0 *
73 1
74 1
75 2
76 3
77 1
78 0 *
79 1
80 1
81 2
82 3
83 1
84 0 *
85 1
86 1
87 2
88 3
89 1
90 0 *
91 1
92 1
93 2
94 3
95 1
96 0 *
97 1
98 1
99 2
100 3
101 1
102 0 *
103 1
104 1
105 2
106 3
107 1
108 0 *
109 1
110 1
111 2
112 3
113 1
114 0 *
115 1
116 1
117 2
118 3
119 1
120 0 *
121 1
122 1
123 2
124 3
125 1
126 0 *
127 1
128 1
129 2
130 3
131 1
132 0 *
133 1
134 1
135 2
136 3
137 1
138 0 *
139 1
140 1
141 2
142 3
143 1
144 0 *
145 1
146 1
147 2
148 3
149 1
150 0 *
151 1
152 1
153 2
154 3
155 1
156 0 *
157 1
158 1
159 2
160 3
161 1
162 0 *
163 1
164 1
165 2
166 3
167 1
168 0 *
169 1
170 1
171 2
172 3
173 1
174 0 *
175 1
176 1
177 2
178 3
179 1
180 0 *
181 1
182 1
183 2
184 3
185 1
186 0 *
187 1
188 1
189 2
190 3
191 1
192 0 *
193 1
194 1
195 2
196 3
197 1
198 0 *
199 1
200 1
201 2
202 3
203 1
204 0 *
205 1
206 1
207 2
208 3
209 1
210 0 *
211 1
212 1
213 2
214 3
215 1
216 0 *
217 1
218 1
219 2
220 3
221 1
222 0 *
223 1
224 1
225 2
226 3
227 1
228 0 *
229 1
230 1
231 2
232 3
233 1
234 0 *
235 1
236 1
237 2
238 3
239 1
240 0 *
241 1
242 1
243 2
244 3
245 1
246 0 *
247 1
248 1
249 2
250 3
251 1
252 0 *
253 1
254 1
255 2
256 3
257 1
258 0 *
259 1
260 1
261 2
262 3
263 1
264 0 *
265 1
266 1
267 2
268 3
269 1
270 0 *
271 1
272 1
273 2
274 3
275 1
276 0 *
277 1
278 1
279 2
280 3
281 1
282 0 *
283 1
284 1
285 2
286 3
287 1
288 0 *
289 1
290 1
291 2
292 3
293 1
294 0 *
295 1
296 1
297 2
298 3
299 1
300 0 *
301 1
302 1
303 2
304 3
305 1
306 0 *
307 1
308 1
309 2
310 3
311 1
312 0 *
313 1
314 1
315 2
316 3
317 1
318 0 *
319 1
320 1
321 2
322 3
323 1
324 0 *
325 1
326 1
327 2
328 3
329 1
330 0 *
331 1
332 1
333 2
334 3
335 1
336 0 *
337 1
338 1
339 2
340 3
341 1
342 0 *
343 1
344 1
345 2
346 3
347 1
348 0 *
349 1
350 1
351 2
352 3
353 1
354 0 *
355 1
356 1
357 2
358 3
359 1
360 0 *
361 1
362 1
363 2
364 3
365 1
366 0 *
367 1
368 1
369 2
370 3
371 1
372 0 *
373 1
374 1
375 2
376 3
377 1
378 0 *
379 1
380 1
381 2
382 3
383 1
384 0 *
385 1
386 1
387 2
388 3
389 1
390 0 *
391 1
392 1
393 2
394 3
395 1
396 0 *
397 1
398 1
399 2
400 3
401 1
402 0 *
403 1
404 1
405 2
406 3
407 1
408 0 *
409 1
410 1
411 2
412 3
413 1
414 0 *
415 1
416 1
417 2
418 3
419 1
420 0 *
421 1
422 1
423 2
424 3
425 1
426 0 *
427 1
428 1
429 2
430 3
431 1
432 0 *
433 1
434 1
435 2
436 3
437 1
438 0 *
439 1
440 1
441 2
442 3
443 1
444 0 *
445 1
446 1
447 2
448 3
449 1
450 0 *
451 1
452 1
453 2
454 3
455 1
456 0 *
457 1
458 1
459 2
460 3
461 1
462 0 *
463 1
464 1
465 2
466 3
467 1
468 0 *
469 1
470 1
471 2
472 3
473 1
474 0 *
475 1
476 1
477 2
478 3
479 1
480 0 *
481 1
482 1
483 2
484 3
485 1
486 0 *
487 1
488 1
489 2
490 3
491 1
492 0 *
493 1
494 1
495 2
496 3
497 1
498 0 *
499 1
500 1
501 2
502 3
503 1
504 0 *
505 1
506 1
507 2
508 3
509 1
510 0 *
511 1
512 1
513 2
514 3
515 1
516 0 *
517 1
518 1
519 2
520 3
521 1
522 0 *
523 1
524 1
525 2
526 3
527 1
528 0 *
529 1
530 1
531 2
532 3
533 1
534 0 *
535 1
536 1
537 2
538 3
539 1
540 0 *
541 1
542 1
543 2
544 3
545 1
546 0 *
547 1
548 1
549 2
550 3
551 1
552 0 *
553 1
554 1
555 2
556 3
557 1
558 0 *
559 1
560 1
561 2
562 3
563 1
564 0 *
565 1
566 1
567 2
568 3
569 1
570 0 *
571 1
572 1
573 2
574 3
575 1
576 0 *
577 1
578 1
579 2
580 3
581 1
582 0 *
583 1
584 1
585 2
586 3
587 1
588 0 *
589 1
590 1
591 2
592 3
593 1
594 0 *
595 1
596 1
597 2
598 3
599 1
600 0 *
601 1
602 1
603 2
604 3
605 1
606 0 *
607 1
608 1
609 2
610 3
611 1
612 0 *
613 1
614 1
615 2
616 3
617 1
618 0 *
619 1
620 1
621 2
622 3
623 1
624 0 *
625 1
626 1
627 2
628 3
629 1
630 0 *
631 1
632 1
633 2
634 3
635 1
636 0 *
637 1
638 1
639 2
640 3
641 1
642 0 *
643 1
644 1
645 2
646 3
647 1
648 0 *
649 1
650 1
651 2
652 3
653 1
654 0 *
655 1
656 1
657 2
658 3
659 1
660 0 *
661 1
662 1
663 2
664 3
665 1
666 0 *
667 1
668 1
669 2
670 3
671 1
672 0 *
673 1
674 1
675 2
676 3
677 1
678 0 *
679 1
680 1
681 2
682 3
683 1
684 0 *
685 1
686 1
687 2
688 3
689 1
690 0 *
691 1
692 1
693 2
694 3
695 1
696 0 *
697 1
698 1
699 2
700 3
701 1
702 0 *
703 1
704 1
705 2
706 3
707 1
708 0 *
709 1
710 1
711 2
712 3
713 1
714 0 *
715 1
716 1
717 2
718 3
719 1
720 0 *
721 1
722 1
723 2
724 3
725 1
726 0 *
727 1
728 1
729 2
730 3
731 1
732 0 *
733 1
734 1
735 2
736 3
737 1
738 0 *
739 1
740 1
741 2
742 3
743 1
744 0 *
745 1
746 1
747 2
748 3
749 1
750 0 *
751 1
752 1
753 2
754 3
755 1
756 0 *
757 1
758 1
759 2
760 3
761 1
762 0 *
763 1
764 1
765 2
766 3
767 1
768 0 *
769 1
770 1
771 2
772 3
773 1
774 0 *
775 1
776 1
777 2
778 3
779 1
780 0 *
781 1
782 1
783 2
784 3
785 1
786 0 *
787 1
788 1
789 2
790 3
791 1
792 0 *
793 1
794 1
795 2
796 3
797 1
798 0 *
799 1
800 1
801 2
802 3
803 1
804 0 *
805 1
806 1
807 2
808 3
809 1
810 0 *
811 1
812 1
813 2
814 3
815 1
816 0 *
817 1
818 1
819 2
820 3
821 1
822 0 *
823 1
824 1
825 2
826 3
827 1
828 0 *
829 1
830 1
831 2
832 3
833 1
834 0 *
835 1
836 1
837 2
838 3
839 1
840 0 *
841 1
842 1
843 2
844 3
845 1
846 0 *
847 1
848 1
849 2
850 3
851 1
852 0 *
853 1
854 1
855 2
856 3
857 1
858 0 *
859 1
860 1
861 2
862 3
863 1
864 0 *
865 1
866 1
867 2
868 3
869 1
870 0 *
871 1
872 1
873 2
874 3
875 1
876 0 *
877 1
878 1
879 2
880 3
881 1
882 0 *
883 1
884 1
885 2
886 3
887 1
888 0 *
889 1
890 1
891 2
892 3
893 1
894 0 *
895 1
896 1
897 2
898 3
899 1
900 0 *
901 1
902 1
903 2
904 3
905 1
906 0 *
907 1
908 1
909 2
910 3
911 1
912 0 *
913 1
914 1
915 2
916 3
917 1
918 0 *
919 1
920 1
921 2
922 3
923 1
924 0 *
925 1
926 1
927 2
928 3
929 1
930 0 *
931 1
932 1
933 2
934 3
935 1
936 0 *
937 1
938 1
939 2
940 3
941 1
942 0 *
943 1
944 1
945 2
946 3
947 1
948 0 *
949 1
950 1
951 2
952 3
953 1
954 0 *
955 1
956 1
957 2
958 3
959 1
960 0 *
961 1
962 1
963 2
964 3
965 1
966 0 *
967 1
968 1
969 2
970 3
971 1
972 0 *
973 1
974 1
975 2
976 3
977 1
978 0 *
979 1
980 1
981 2
982 3
983 1
984 0 *
985 1
986 1
987 2
988 3
989 1
990 0 *
991 1
992 1
993 2
994 3
995 1
996 0 *
997 1
998 1
999 2
