0 0 *
1 1
2 1
3 2
4 3
5 5
6 8
7 13
8 21
9 34
10 55
11 89
12 16
13 105
14 121
15 98
16 91
17 61
18 24
19 85
20 109
21 66
22 47
23 113
24 32
25 17
26 49
27 66
28 115
29 53
30 40
31 93
32 5
33 98
34 103
35 73
36 48
37 121
38 41
39 34
40 75
41 109
42 56
43 37
44 93
45 2
46 95
47 97
48 64
49 33
50 97
51 2
52 99
53 101
54 72
55 45
56 117
57 34
58 23
59 57
60 80
61 9
62 89
63 98
64 59
65 29
66 88
67 117
68 77
69 66
70 15
71 81
72 96
73 49
74 17
75 66
76 83
77 21
78 104
79 125
80 101
81 98
82 71
83 41
84 112
85 25
86 9
87 34
88 43
89 77
90 120
91 69
92 61
93 2
94 63
95 65
96 0
97 65
98 65
99 2
100 67
101 69
102 8
103 77
104 85
105 34
106 119
107 25
108 16
109 41
110 57
111 98
112 27
113 125
114 24
115 21
116 45
117 66
118 111
119 49
120 32
121 81
122 113
123 66
124 51
125 117
126 40
127 29
128 69
129 98
130 39
131 9
132 48
133 57
134 105
135 34
136 11
137 45
138 56
139 101
140 29
141 2
142 31
143 33
144 64
145 97
146 33
147 2
148 35
149 37
150 72
151 109
152 53
153 34
154 87
155 121
156 80
157 73
158 25
159 98
160 123
161 93
162 88
163 53
164 13
165 66
166 79
167 17
168 96
169 113
170 81
171 66
172 19
173 85
174 104
175 61
176 37
177 98
178 7
179 105
180 112
181 89
182 73
183 34
184 107
185 13
186 120
187 5
188 125
189 2
190 127
191 1
192 0 *
193 1
194 1
195 2
196 3
197 5
198 8
199 13
200 21
201 34
202 55
203 89
204 16
205 105
206 121
207 98
208 91
209 61
210 24
211 85
212 109
213 66
214 47
215 113
216 32
217 17
218 49
219 66
220 115
221 53
222 40
223 93
224 5
225 98
226 103
227 73
228 48
229 121
230 41
231 34
232 75
233 109
234 56
235 37
236 93
237 2
238 95
239 97
240 64
241 33
242 97
243 2
244 99
245 101
246 72
247 45
248 117
249 34
250 23
251 57
252 80
253 9
254 89
255 98
256 59
257 29
258 88
259 117
260 77
261 66
262 15
263 81
264 96
265 49
266 17
267 66
268 83
269 21
270 104
271 125
272 101
273 98
274 71
275 41
276 112
277 25
278 9
279 34
280 43
281 77
282 120
283 69
284 61
285 2
286 63
287 65
288 0
289 65
290 65
291 2
292 67
293 69
294 8
295 77
296 85
297 34
298 119
299 25
300 16
301 41
302 57
303 98
304 27
305 125
306 24
307 21
308 45
309 66
310 111
311 49
312 32
313 81
314 113
315 66
316 51
317 117
318 40
319 29
320 69
321 98
322 39
323 9
324 48
325 57
326 105
327 34
328 11
329 45
330 56
331 101
332 29
333 2
334 31
335 33
336 64
337 97
338 33
339 2
340 35
341 37
342 72
343 109
344 53
345 34
346 87
347 121
348 80
349 73
350 25
351 98
352 123
353 93
354 88
355 53
356 13
357 66
358 79
359 17
360 96
361 113
362 81
363 66
364 19
365 85
366 104
367 61
368 37
369 98
370 7
371 105
372 112
373 89
374 73
375 34
376 107
377 13
378 120
379 5
380 125
381 2
382 127
383 1
384 0 *
385 1
386 1
387 2
388 3
389 5
390 8
391 13
392 21
393 34
394 55
395 89
396 16
397 105
398 121
399 98
400 91
401 61
402 24
403 85
404 109
405 66
406 47
407 113
408 32
409 17
410 49
411 66
412 115
413 53
414 40
415 93
416 5
417 98
418 103
419 73
420 48
421 121
422 41
423 34
424 75
425 109
426 56
427 37
428 93
429 2
430 95
431 97
432 64
433 33
434 97
435 2
436 99
437 101
438 72
439 45
440 117
441 34
442 23
443 57
444 80
445 9
446 89
447 98
448 59
449 29
450 88
451 117
452 77
453 66
454 15
455 81
456 96
457 49
458 17
459 66
460 83
461 21
462 104
463 125
464 101
465 98
466 71
467 41
468 112
469 25
470 9
471 34
472 43
473 77
474 120
475 69
476 61
477 2
478 63
479 65
480 0
481 65
482 65
483 2
484 67
485 69
486 8
487 77
488 85
489 34
490 119
491 25
492 16
493 41
494 57
495 98
496 27
497 125
498 24
499 21
500 45
501 66
502 111
503 49
504 32
505 81
506 113
507 66
508 51
509 117
510 40
511 29
512 69
513 98
514 39
515 9
516 48
517 57
518 105
519 34
520 11
521 45
522 56
523 101
524 29
525 2
526 31
527 33
528 64
529 97
530 33
531 2
532 35
533 37
534 72
535 109
536 53
537 34
538 87
539 121
540 80
541 73
542 25
543 98
544 123
545 93
546 88
547 53
548 13
549 66
550 79
551 17
552 96
553 113
554 81
555 66
556 19
557 85
558 104
559 61
560 37
561 98
562 7
563 105
564 112
565 89
566 73
567 34
568 107
569 13
570 120
571 5
572 125
573 2
574 127
575 1
576 0 *
577 1
578 1
579 2
580 3
581 5
582 8
583 13
584 21
585 34
586 55
587 89
588 16
589 105
590 121
591 98
592 91
593 61
594 24
595 85
596 109
597 66
598 47
599 113
600 32
601 17
602 49
603 66
604 115
605 53
606 40
607 93
608 5
609 98
610 103
611 73
612 48
613 121
614 41
615 34
616 75
617 109
618 56
619 37
620 93
621 2
622 95
623 97
624 64
625 33
626 97
627 2
628 99
629 101
630 72
631 45
632 117
633 34
634 23
635 57
636 80
637 9
638 89
639 98
640 59
641 29
642 88
643 117
644 77
645 66
646 15
647 81
648 96
649 49
650 17
651 66
652 83
653 21
654 104
655 125
656 101
657 98
658 71
659 41
660 112
661 25
662 9
663 34
664 43
665 77
666 120
667 69
668 61
669 2
670 63
671 65
672 0
673 65
674 65
675 2
676 67
677 69
678 8
679 77
680 85
681 34
682 119
683 25
684 16
685 41
686 57
687 98
688 27
689 125
690 24
691 21
692 45
693 66
694 111
695 49
696 32
697 81
698 113
699 66
700 51
701 117
702 40
703 29
704 69
705 98
706 39
707 9
708 48
709 57
710 105
711 34
712 11
713 45
714 56
715 101
716 29
717 2
718 31
719 33
720 64
721 97
722 33
723 2
724 35
725 37
726 72
727 109
728 53
729 34
730 87
731 121
732 80
733 73
734 25
735 98
736 123
737 93
738 88
739 53
740 13
741 66
742 79
743 17
744 96
745 113
746 81
747 66
748 19
749 85
750 104
751 61
752 37
753 98
754 7
755 105
756 112
757 89
758 73
759 34
760 107
761 13
762 120
763 5
764 125
765 2
766 127
767 1
768 0 *
769 1
770 1
771 2
772 3
773 5
774 8
775 13
776 21
777 34
778 55
779 89
780 16
781 105
782 121
783 98
784 91
785 61
786 24
787 85
788 109
789 66
790 47
791 113
792 32
793 17
794 49
795 66
796 115
797 53
798 40
799 93
800 5
801 98
802 103
803 73
804 48
805 121
806 41
807 34
808 75
809 109
810 56
811 37
812 93
813 2
814 95
815 97
816 64
817 33
818 97
819 2
820 99
821 101
822 72
823 45
824 117
825 34
826 23
827 57
828 80
829 9
830 89
831 98
832 59
833 29
834 88
835 117
836 77
837 66
838 15
839 81
840 96
841 49
842 17
843 66
844 83
845 21
846 104
847 125
848 101
849 98
850 71
851 41
852 112
853 25
854 9
855 34
856 43
857 77
858 120
859 69
860 61
861 2
862 63
863 65
864 0
865 65
866 65
867 2
868 67
869 69
870 8
871 77
872 85
873 34
874 119
875 25
876 16
877 41
878 57
879 98
880 27
881 125
882 24
883 21
884 45
885 66
886 111
887 49
888 32
889 81
890 113
891 66
892 51
893 117
894 40
895 29
896 69
897 98
898 39
899 9
900 48
901 57
902 105
903 34
904 11
905 45
906 56
907 101
908 29
909 2
910 31
911 33
912 64
913 97
914 33
915 2
916 35
917 37
918 72
919 109
920 53
921 34
922 87
923 121
924 80
925 73
926 25
927 98
928 123
929 93
930 88
931 53
932 13
933 66
934 79
935 17
936 96
937 113
938 81
939 66
940 19
941 85
942 104
943 61
944 37
945 98
946 7
947 105
948 112
949 89
950 73
951 34
952 107
953 13
954 120
955 5
956 125
957 2
958 127
959 1
960 0 *
961 1
962 1
963 2
964 3
965 5
966 8
967 13
968 21
969 34
970 55
971 89
972 16
973 105
974 121
975 98
976 91
977 61
978 24
979 85
980 109
981 66
982 47
983 113
984 32
985 17
986 49
987 66
988 115
989 53
990 40
991 93
992 5
993 98
994 103
995 73
996 48
997 121
998 41
999 34
