0 0 *
1 1
2 1
3 2
4 3
5 5
6 8
7 13
8 21
9 7
10 1
11 8
12 9
13 17
14 26
15 16
16 15
17 4
18 19
19 23
20 15
21 11
22 26
23 10
24 9
25 19
26 1
27 20
28 21
29 14
30 8
31 22
32 3
33 25
34 1
35 26
36 0
37 26
38 26
39 25
40 24
41 22
42 19
43 14
44 6
45 20
46 26
47 19
48 18
49 10
50 1
51 11
52 12
53 23
54 8
55 4
56 12
57 16
58 1
59 17
60 18
61 8
62 26
63 7
64 6
65 13
66 19
67 5
68 24
69 2
70 26
71 1
72 0 *
73 1
74 1
75 2
76 3
77 5
78 8
79 13
80 21
81 7
82 1
83 8
84 9
85 17
86 26
87 16
88 15
89 4
90 19
91 23
92 15
93 11
94 26
95 10
96 9
97 19
98 1
99 20
100 21
101 14
102 8
103 22
104 3
105 25
106 1
107 26
108 0
109 26
110 26
111 25
112 24
113 22
114 19
115 14
116 6
117 20
118 26
119 19
120 18
121 10
122 1
123 11
124 12
125 23
126 8
127 4
128 12
129 16
130 1
131 17
132 18
133 8
134 26
135 7
136 6
137 13
138 19
139 5
140 24
141 2
142 26
143 1
144 0 *
145 1
146 1
147 2
148 3
149 5
150 8
151 13
152 21
153 7
154 1
155 8
156 9
157 17
158 26
159 16
160 15
161 4
162 19
163 23
164 15
165 11
166 26
167 10
168 9
169 19
170 1
171 20
172 21
173 14
174 8
175 22
176 3
177 25
178 1
179 26
180 0
181 26
182 26
183 25
184 24
185 22
186 19
187 14
188 6
189 20
190 26
191 19
192 18
193 10
194 1
195 11
196 12
197 23
198 8
199 4
200 12
201 16
202 1
203 17
204 18
205 8
206 26
207 7
208 6
209 13
210 19
211 5
212 24
213 2
214 26
215 1
216 0 *
217 1
218 1
219 2
220 3
221 5
222 8
223 13
224 21
225 7
226 1
227 8
228 9
229 17
230 26
231 16
232 15
233 4
234 19
235 23
236 15
237 11
238 26
239 10
240 9
241 19
242 1
243 20
244 21
245 14
246 8
247 22
248 3
249 25
250 1
251 26
252 0
253 26
254 26
255 25
256 24
257 22
258 19
259 14
260 6
261 20
262 26
263 19
264 18
265 10
266 1
267 11
268 12
269 23
270 8
271 4
272 12
273 16
274 1
275 17
276 18
277 8
278 26
279 7
280 6
281 13
282 19
283 5
284 24
285 2
286 26
287 1
288 0 *
289 1
290 1
291 2
292 3
293 5
294 8
295 13
296 21
297 7
298 1
299 8
300 9
301 17
302 26
303 16
304 15
305 4
306 19
307 23
308 15
309 11
310 26
311 10
312 9
313 19
314 1
315 20
316 21
317 14
318 8
319 22
320 3
321 25
322 1
323 26
324 0
325 26
326 26
327 25
328 24
329 22
330 19
331 14
332 6
333 20
334 26
335 19
336 18
337 10
338 1
339 11
340 12
341 23
342 8
343 4
344 12
345 16
346 1
347 17
348 18
349 8
350 26
351 7
352 6
353 13
354 19
355 5
356 24
357 2
358 26
359 1
360 0 *
361 1
362 1
363 2
364 3
365 5
366 8
367 13
368 21
369 7
370 1
371 8
372 9
373 17
374 26
375 16
376 15
377 4
378 19
379 23
380 15
381 11
382 26
383 10
384 9
385 19
386 1
387 20
388 21
389 14
390 8
391 22
392 3
393 25
394 1
395 26
396 0
397 26
398 26
399 25
400 24
401 22
402 19
403 14
404 6
405 20
406 26
407 19
408 18
409 10
410 1
411 11
412 12
413 23
414 8
415 4
416 12
417 16
418 1
419 17
420 18
421 8
422 26
423 7
424 6
425 13
426 19
427 5
428 24
429 2
430 26
431 1
432 0 *
433 1
434 1
435 2
436 3
437 5
438 8
439 13
440 21
441 7
442 1
443 8
444 9
445 17
446 26
447 16
448 15
449 4
450 19
451 23
452 15
453 11
454 26
455 10
456 9
457 19
458 1
459 20
460 21
461 14
462 8
463 22
464 3
465 25
466 1
467 26
468 0
469 26
470 26
471 25
472 24
473 22
474 19
475 14
476 6
477 20
478 26
479 19
480 18
481 10
482 1
483 11
484 12
485 23
486 8
487 4
488 12
489 16
490 1
491 17
492 18
493 8
494 26
495 7
496 6
497 13
498 19
499 5
500 24
501 2
502 26
503 1
504 0 *
505 1
506 1
507 2
508 3
509 5
510 8
511 13
512 21
513 7
514 1
515 8
516 9
517 17
518 26
519 16
520 15
521 4
522 19
523 23
524 15
525 11
526 26
527 10
528 9
529 19
530 1
531 20
532 21
533 14
534 8
535 22
536 3
537 25
538 1
539 26
540 0
541 26
542 26
543 25
544 24
545 22
546 19
547 14
548 6
549 20
550 26
551 19
552 18
553 10
554 1
555 11
556 12
557 23
558 8
559 4
560 12
561 16
562 1
563 17
564 18
565 8
566 26
567 7
568 6
569 13
570 19
571 5
572 24
573 2
574 26
575 1
576 0 *
577 1
578 1
579 2
580 3
581 5
582 8
583 13
584 21
585 7
586 1
587 8
588 9
589 17
590 26
591 16
592 15
593 4
594 19
595 23
596 15
597 11
598 26
599 10
600 9
601 19
602 1
603 20
604 21
605 14
606 8
607 22
608 3
609 25
610 1
611 26
612 0
613 26
614 26
615 25
616 24
617 22
618 19
619 14
620 6
621 20
622 26
623 19
624 18
625 10
626 1
627 11
628 12
629 23
630 8
631 4
632 12
633 16
634 1
635 17
636 18
637 8
638 26
639 7
640 6
641 13
642 19
643 5
644 24
645 2
646 26
647 1
648 0 *
649 1
650 1
651 2
652 3
653 5
654 8
655 13
656 21
657 7
658 1
659 8
660 9
661 17
662 26
663 16
664 15
665 4
666 19
667 23
668 15
669 11
670 26
671 10
672 9
673 19
674 1
675 20
676 21
677 14
678 8
679 22
680 3
681 25
682 1
683 26
684 0
685 26
686 26
687 25
688 24
689 22
690 19
691 14
692 6
693 20
694 26
695 19
696 18
697 10
698 1
699 11
700 12
701 23
702 8
703 4
704 12
705 16
706 1
707 17
708 18
709 8
710 26
711 7
712 6
713 13
714 19
715 5
716 24
717 2
718 26
719 1
720 0 *
721 1
722 1
723 2
724 3
725 5
726 8
727 13
728 21
729 7
730 1
731 8
732 9
733 17
734 26
735 16
736 15
737 4
738 19
739 23
740 15
741 11
742 26
743 10
744 9
745 19
746 1
747 20
748 21
749 14
750 8
751 22
752 3
753 25
754 1
755 26
756 0
757 26
758 26
759 25
760 24
761 22
762 19
763 14
764 6
765 20
766 26
767 19
768 18
769 10
770 1
771 11
772 12
773 23
774 8
775 4
776 12
777 16
778 1
779 17
780 18
781 8
782 26
783 7
784 6
785 13
786 19
787 5
788 24
789 2
790 26
791 1
792 0 *
793 1
794 1
795 2
796 3
797 5
798 8
799 13
800 21
801 7
802 1
803 8
804 9
805 17
806 26
807 16
808 15
809 4
810 19
811 23
812 15
813 11
814 26
815 10
816 9
817 19
818 1
819 20
820 21
821 14
822 8
823 22
824 3
825 25
826 1
827 26
828 0
829 26
830 26
831 25
832 24
833 22
834 19
835 14
836 6
837 20
838 26
839 19
840 18
841 10
842 1
843 11
844 12
845 23
846 8
847 4
848 12
849 16
850 1
851 17
852 18
853 8
854 26
855 7
856 6
857 13
858 19
859 5
860 24
861 2
862 26
863 1
864 0 *
865 1
866 1
867 2
868 3
869 5
870 8
871 13
872 21
873 7
874 1
875 8
876 9
877 17
878 26
879 16
880 15
881 4
882 19
883 23
884 15
885 11
886 26
887 10
888 9
889 19
890 1
891 20
892 21
893 14
894 8
895 22
896 3
897 25
898 1
899 26
900 0
901 26
902 26
903 25
904 24
905 22
906 19
907 14
908 6
909 20
910 26
911 19
912 18
913 10
914 1
915 11
916 12
917 23
918 8
919 4
920 12
921 16
922 1
923 17
924 18
925 8
926 26
927 7
928 6
929 13
930 19
931 5
932 24
933 2
934 26
935 1
936 0 *
937 1
938 1
939 2
940 3
941 5
942 8
943 13
944 21
945 7
946 1
947 8
948 9
949 17
950 26
951 16
952 15
953 4
954 19
955 23
956 15
957 11
958 26
959 10
960 9
961 19
962 1
963 20
964 21
965 14
966 8
967 22
968 3
969 25
970 1
971 26
972 0
973 26
974 26
975 25
976 24
977 22
978 19
979 14
980 6
981 20
982 26
983 19
984 18
985 10
986 1
987 11
988 12
989 23
990 8
991 4
992 12
993 16
994 1
995 17
996 18
997 8
998 26
999 7
