0 0 *
1 1
2 1
3 2
4 3
5 5
6 8
7 13
8 21
9 34
10 55
11 8
12 63
13 71
14 53
15 43
16 15
17 58
18 73
19 50
20 42
21 11
22 53
23 64
24 36
25 19
26 55
27 74
28 48
29 41
30 8
31 49
32 57
33 25
34 1
35 26
36 27
37 53
38 80
39 52
40 51
41 22
42 73
43 14
44 6
45 20
46 26
47 46
48 72
49 37
50 28
51 65
52 12
53 77
54 8
55 4
56 12
57 16
58 28
59 44
60 72
61 35
62 26
63 61
64 6
65 67
66 73
67 59
68 51
69 29
70 80
71 28
72 27
73 55
74 1
75 56
76 57
77 32
78 8
79 40
80 48
81 7
82 55
83 62
84 36
85 17
86 53
87 70
88 42
89 31
90 73
91 23
92 15
93 38
94 53
95 10
96 63
97 73
98 55
99 47
100 21
101 68
102 8
103 76
104 3
105 79
106 1
107 80
108 0
109 80
110 80
111 79
112 78
113 76
114 73
115 68
116 60
117 47
118 26
119 73
120 18
121 10
122 28
123 38
124 66
125 23
126 8
127 31
128 39
129 70
130 28
131 17
132 45
133 62
134 26
135 7
136 33
137 40
138 73
139 32
140 24
141 56
142 80
143 55
144 54
145 28
146 1
147 29
148 30
149 59
150 8
151 67
152 75
153 61
154 55
155 35
156 9
157 44
158 53
159 16
160 69
161 4
162 73
163 77
164 69
165 65
166 53
167 37
168 9
169 46
170 55
171 20
172 75
173 14
174 8
175 22
176 30
177 52
178 1
179 53
180 54
181 26
182 80
183 25
184 24
185 49
186 73
187 41
188 33
189 74
190 26
191 19
192 45
193 64
194 28
195 11
196 39
197 50
198 8
199 58
200 66
201 43
202 28
203 71
204 18
205 8
206 26
207 34
208 60
209 13
210 73
211 5
212 78
213 2
214 80
215 1
216 0 *
217 1
218 1
219 2
220 3
221 5
222 8
223 13
224 21
225 34
226 55
227 8
228 63
229 71
230 53
231 43
232 15
233 58
234 73
235 50
236 42
237 11
238 53
239 64
240 36
241 19
242 55
243 74
244 48
245 41
246 8
247 49
248 57
249 25
250 1
251 26
252 27
253 53
254 80
255 52
256 51
257 22
258 73
259 14
260 6
261 20
262 26
263 46
264 72
265 37
266 28
267 65
268 12
269 77
270 8
271 4
272 12
273 16
274 28
275 44
276 72
277 35
278 26
279 61
280 6
281 67
282 73
283 59
284 51
285 29
286 80
287 28
288 27
289 55
290 1
291 56
292 57
293 32
294 8
295 40
296 48
297 7
298 55
299 62
300 36
301 17
302 53
303 70
304 42
305 31
306 73
307 23
308 15
309 38
310 53
311 10
312 63
313 73
314 55
315 47
316 21
317 68
318 8
319 76
320 3
321 79
322 1
323 80
324 0
325 80
326 80
327 79
328 78
329 76
330 73
331 68
332 60
333 47
334 26
335 73
336 18
337 10
338 28
339 38
340 66
341 23
342 8
343 31
344 39
345 70
346 28
347 17
348 45
349 62
350 26
351 7
352 33
353 40
354 73
355 32
356 24
357 56
358 80
359 55
360 54
361 28
362 1
363 29
364 30
365 59
366 8
367 67
368 75
369 61
370 55
371 35
372 9
373 44
374 53
375 16
376 69
377 4
378 73
379 77
380 69
381 65
382 53
383 37
384 9
385 46
386 55
387 20
388 75
389 14
390 8
391 22
392 30
393 52
394 1
395 53
396 54
397 26
398 80
399 25
400 24
401 49
402 73
403 41
404 33
405 74
406 26
407 19
408 45
409 64
410 28
411 11
412 39
413 50
414 8
415 58
416 66
417 43
418 28
419 71
420 18
421 8
422 26
423 34
424 60
425 13
426 73
427 5
428 78
429 2
430 80
431 1
432 0 *
433 1
434 1
435 2
436 3
437 5
438 8
439 13
440 21
441 34
442 55
443 8
444 63
445 71
446 53
447 43
448 15
449 58
450 73
451 50
452 42
453 11
454 53
455 64
456 36
457 19
458 55
459 74
460 48
461 41
462 8
463 49
464 57
465 25
466 1
467 26
468 27
469 53
470 80
471 52
472 51
473 22
474 73
475 14
476 6
477 20
478 26
479 46
480 72
481 37
482 28
483 65
484 12
485 77
486 8
487 4
488 12
489 16
490 28
491 44
492 72
493 35
494 26
495 61
496 6
497 67
498 73
499 59
500 51
501 29
502 80
503 28
504 27
505 55
506 1
507 56
508 57
509 32
510 8
511 40
512 48
513 7
514 55
515 62
516 36
517 17
518 53
519 70
520 42
521 31
522 73
523 23
524 15
525 38
526 53
527 10
528 63
529 73
530 55
531 47
532 21
533 68
534 8
535 76
536 3
537 79
538 1
539 80
540 0
541 80
542 80
543 79
544 78
545 76
546 73
547 68
548 60
549 47
550 26
551 73
552 18
553 10
554 28
555 38
556 66
557 23
558 8
559 31
560 39
561 70
562 28
563 17
564 45
565 62
566 26
567 7
568 33
569 40
570 73
571 32
572 24
573 56
574 80
575 55
576 54
577 28
578 1
579 29
580 30
581 59
582 8
583 67
584 75
585 61
586 55
587 35
588 9
589 44
590 53
591 16
592 69
593 4
594 73
595 77
596 69
597 65
598 53
599 37
600 9
601 46
602 55
603 20
604 75
605 14
606 8
607 22
608 30
609 52
610 1
611 53
612 54
613 26
614 80
615 25
616 24
617 49
618 73
619 41
620 33
621 74
622 26
623 19
624 45
625 64
626 28
627 11
628 39
629 50
630 8
631 58
632 66
633 43
634 28
635 71
636 18
637 8
638 26
639 34
640 60
641 13
642 73
643 5
644 78
645 2
646 80
647 1
648 0 *
649 1
650 1
651 2
652 3
653 5
654 8
655 13
656 21
657 34
658 55
659 8
660 63
661 71
662 53
663 43
664 15
665 58
666 73
667 50
668 42
669 11
670 53
671 64
672 36
673 19
674 55
675 74
676 48
677 41
678 8
679 49
680 57
681 25
682 1
683 26
684 27
685 53
686 80
687 52
688 51
689 22
690 73
691 14
692 6
693 20
694 26
695 46
696 72
697 37
698 28
699 65
700 12
701 77
702 8
703 4
704 12
705 16
706 28
707 44
708 72
709 35
710 26
711 61
712 6
713 67
714 73
715 59
716 51
717 29
718 80
719 28
720 27
721 55
722 1
723 56
724 57
725 32
726 8
727 40
728 48
729 7
730 55
731 62
732 36
733 17
734 53
735 70
736 42
737 31
738 73
739 23
740 15
741 38
742 53
743 10
744 63
745 73
746 55
747 47
748 21
749 68
750 8
751 76
752 3
753 79
754 1
755 80
756 0
757 80
758 80
759 79
760 78
761 76
762 73
763 68
764 60
765 47
766 26
767 73
768 18
769 10
770 28
771 38
772 66
773 23
774 8
775 31
776 39
777 70
778 28
779 17
780 45
781 62
782 26
783 7
784 33
785 40
786 73
787 32
788 24
789 56
790 80
791 55
792 54
793 28
794 1
795 29
796 30
797 59
798 8
799 67
800 75
801 61
802 55
803 35
804 9
805 44
806 53
807 16
808 69
809 4
810 73
811 77
812 69
813 65
814 53
815 37
816 9
817 46
818 55
819 20
820 75
821 14
822 8
823 22
824 30
825 52
826 1
827 53
828 54
829 26
830 80
831 25
832 24
833 49
834 73
835 41
836 33
837 74
838 26
839 19
840 45
841 64
842 28
843 11
844 39
845 50
846 8
847 58
848 66
849 43
850 28
851 71
852 18
853 8
854 26
855 34
856 60
857 13
858 73
859 5
860 78
861 2
862 80
863 1
864 0 *
865 1
866 1
867 2
868 3
869 5
870 8
871 13
872 21
873 34
874 55
875 8
876 63
877 71
878 53
879 43
880 15
881 58
882 73
883 50
884 42
885 11
886 53
887 64
888 36
889 19
890 55
891 74
892 48
893 41
894 8
895 49
896 57
897 25
898 1
899 26
900 27
901 53
902 80
903 52
904 51
905 22
906 73
907 14
908 6
909 20
910 26
911 46
912 72
913 37
914 28
915 65
916 12
917 77
918 8
919 4
920 12
921 16
922 28
923 44
924 72
925 35
926 26
927 61
928 6
929 67
930 73
931 59
932 51
933 29
934 80
935 28
936 27
937 55
938 1
939 56
940 57
941 32
942 8
943 40
944 48
945 7
946 55
947 62
948 36
949 17
950 53
951 70
952 42
953 31
954 73
955 23
956 15
957 38
958 53
959 10
960 63
961 73
962 55
963 47
964 21
965 68
966 8
967 76
968 3
969 79
970 1
971 80
972 0
973 80
974 80
975 79
976 78
977 76
978 73
979 68
980 60
981 47
982 26
983 73
984 18
985 10
986 28
987 38
988 66
989 23
990 8
991 31
992 39
993 70
994 28
995 17
996 45
997 62
998 26
999 7
