0 0 *
1 1
2 1
3 2
4 3
5 5
6 8
7 13
8 21
9 34
10 55
11 89
12 144
13 233
14 134
15 124
16 15
17 139
18 154
19 50
20 204
21 11
22 215
23 226
24 198
25 181
26 136
27 74
28 210
29 41
30 8
31 49
32 57
33 106
34 163
35 26
36 189
37 215
38 161
39 133
40 51
41 184
42 235
43 176
44 168
45 101
46 26
47 127
48 153
49 37
50 190
51 227
52 174
53 158
54 89
55 4
56 93
57 97
58 190
59 44
60 234
61 35
62 26
63 61
64 87
65 148
66 235
67 140
68 132
69 29
70 161
71 190
72 108
73 55
74 163
75 218
76 138
77 113
78 8
79 121
80 129
81 7
82 136
83 143
84 36
85 179
86 215
87 151
88 123
89 31
90 154
91 185
92 96
93 38
94 134
95 172
96 63
97 235
98 55
99 47
100 102
101 149
102 8
103 157
104 165
105 79
106 1
107 80
108 81
109 161
110 242
111 160
112 159
113 76
114 235
115 68
116 60
117 128
118 188
119 73
120 18
121 91
122 109
123 200
124 66
125 23
126 89
127 112
128 201
129 70
130 28
131 98
132 126
133 224
134 107
135 88
136 195
137 40
138 235
139 32
140 24
141 56
142 80
143 136
144 216
145 109
146 82
147 191
148 30
149 221
150 8
151 229
152 237
153 223
154 217
155 197
156 171
157 125
158 53
159 178
160 231
161 166
162 154
163 77
164 231
165 65
166 53
167 118
168 171
169 46
170 217
171 20
172 237
173 14
174 8
175 22
176 30
177 52
178 82
179 134
180 216
181 107
182 80
183 187
184 24
185 211
186 235
187 203
188 195
189 155
190 107
191 19
192 126
193 145
194 28
195 173
196 201
197 131
198 89
199 220
200 66
201 43
202 109
203 152
204 18
205 170
206 188
207 115
208 60
209 175
210 235
211 167
212 159
213 83
214 242
215 82
216 81
217 163
218 1
219 164
220 165
221 86
222 8
223 94
224 102
225 196
226 55
227 8
228 63
229 71
230 134
231 205
232 96
233 58
234 154
235 212
236 123
237 92
238 215
239 64
240 36
241 100
242 136
243 236
244 129
245 122
246 8
247 130
248 138
249 25
250 163
251 188
252 108
253 53
254 161
255 214
256 132
257 103
258 235
259 95
260 87
261 182
262 26
263 208
264 234
265 199
266 190
267 146
268 93
269 239
270 89
271 85
272 174
273 16
274 190
275 206
276 153
277 116
278 26
279 142
280 168
281 67
282 235
283 59
284 51
285 110
286 161
287 28
288 189
289 217
290 163
291 137
292 57
293 194
294 8
295 202
296 210
297 169
298 136
299 62
300 198
301 17
302 215
303 232
304 204
305 193
306 154
307 104
308 15
309 119
310 134
311 10
312 144
313 154
314 55
315 209
316 21
317 230
318 8
319 238
320 3
321 241
322 1
323 242
324 0
325 242
326 242
327 241
328 240
329 238
330 235
331 230
332 222
333 209
334 188
335 154
336 99
337 10
338 109
339 119
340 228
341 104
342 89
343 193
344 39
345 232
346 28
347 17
348 45
349 62
350 107
351 169
352 33
353 202
354 235
355 194
356 186
357 137
358 80
359 217
360 54
361 28
362 82
363 110
364 192
365 59
366 8
367 67
368 75
369 142
370 217
371 116
372 90
373 206
374 53
375 16
376 69
377 85
378 154
379 239
380 150
381 146
382 53
383 199
384 9
385 208
386 217
387 182
388 156
389 95
390 8
391 103
392 111
393 214
394 82
395 53
396 135
397 188
398 80
399 25
400 105
401 130
402 235
403 122
404 114
405 236
406 107
407 100
408 207
409 64
410 28
411 92
412 120
413 212
414 89
415 58
416 147
417 205
418 109
419 71
420 180
421 8
422 188
423 196
424 141
425 94
426 235
427 86
428 78
429 164
430 242
431 163
432 162
433 82
434 1
435 83
436 84
437 167
438 8
439 175
440 183
441 115
442 55
443 170
444 225
445 152
446 134
447 43
448 177
449 220
450 154
451 131
452 42
453 173
454 215
455 145
456 117
457 19
458 136
459 155
460 48
461 203
462 8
463 211
464 219
465 187
466 163
467 107
468 27
469 134
470 161
471 52
472 213
473 22
474 235
475 14
476 6
477 20
478 26
479 46
480 72
481 118
482 190
483 65
484 12
485 77
486 89
487 166
488 12
489 178
490 190
491 125
492 72
493 197
494 26
495 223
496 6
497 229
498 235
499 221
500 213
501 191
502 161
503 109
504 27
505 136
506 163
507 56
508 219
509 32
510 8
511 40
512 48
513 88
514 136
515 224
516 117
517 98
518 215
519 70
520 42
521 112
522 154
523 23
524 177
525 200
526 134
527 91
528 225
529 73
530 55
531 128
532 183
533 68
534 8
535 76
536 84
537 160
538 1
539 161
540 162
541 80
542 242
543 79
544 78
545 157
546 235
547 149
548 141
549 47
550 188
551 235
552 180
553 172
554 109
555 38
556 147
557 185
558 89
559 31
560 120
561 151
562 28
563 179
564 207
565 143
566 107
567 7
568 114
569 121
570 235
571 113
572 105
573 218
574 80
575 55
576 135
577 190
578 82
579 29
580 111
581 140
582 8
583 148
584 156
585 61
586 217
587 35
588 9
589 44
590 53
591 97
592 150
593 4
594 154
595 158
596 69
597 227
598 53
599 37
600 90
601 127
602 217
603 101
604 75
605 176
606 8
607 184
608 192
609 133
610 82
611 215
612 54
613 26
614 80
615 106
616 186
617 49
618 235
619 41
620 33
621 74
622 107
623 181
624 45
625 226
626 28
627 11
628 39
629 50
630 89
631 139
632 228
633 124
634 109
635 233
636 99
637 89
638 188
639 34
640 222
641 13
642 235
643 5
644 240
645 2
646 242
647 1
648 0 *
649 1
650 1
651 2
652 3
653 5
654 8
655 13
656 21
657 34
658 55
659 89
660 144
661 233
662 134
663 124
664 15
665 139
666 154
667 50
668 204
669 11
670 215
671 226
672 198
673 181
674 136
675 74
676 210
677 41
678 8
679 49
680 57
681 106
682 163
683 26
684 189
685 215
686 161
687 133
688 51
689 184
690 235
691 176
692 168
693 101
694 26
695 127
696 153
697 37
698 190
699 227
700 174
701 158
702 89
703 4
704 93
705 97
706 190
707 44
708 234
709 35
710 26
711 61
712 87
713 148
714 235
715 140
716 132
717 29
718 161
719 190
720 108
721 55
722 163
723 218
724 138
725 113
726 8
727 121
728 129
729 7
730 136
731 143
732 36
733 179
734 215
735 151
736 123
737 31
738 154
739 185
740 96
741 38
742 134
743 172
744 63
745 235
746 55
747 47
748 102
749 149
750 8
751 157
752 165
753 79
754 1
755 80
756 81
757 161
758 242
759 160
760 159
761 76
762 235
763 68
764 60
765 128
766 188
767 73
768 18
769 91
770 109
771 200
772 66
773 23
774 89
775 112
776 201
777 70
778 28
779 98
780 126
781 224
782 107
783 88
784 195
785 40
786 235
787 32
788 24
789 56
790 80
791 136
792 216
793 109
794 82
795 191
796 30
797 221
798 8
799 229
800 237
801 223
802 217
803 197
804 171
805 125
806 53
807 178
808 231
809 166
810 154
811 77
812 231
813 65
814 53
815 118
816 171
817 46
818 217
819 20
820 237
821 14
822 8
823 22
824 30
825 52
826 82
827 134
828 216
829 107
830 80
831 187
832 24
833 211
834 235
835 203
836 195
837 155
838 107
839 19
840 126
841 145
842 28
843 173
844 201
845 131
846 89
847 220
848 66
849 43
850 109
851 152
852 18
853 170
854 188
855 115
856 60
857 175
858 235
859 167
860 159
861 83
862 242
863 82
864 81
865 163
866 1
867 164
868 165
869 86
870 8
871 94
872 102
873 196
874 55
875 8
876 63
877 71
878 134
879 205
880 96
881 58
882 154
883 212
884 123
885 92
886 215
887 64
888 36
889 100
890 136
891 236
892 129
893 122
894 8
895 130
896 138
897 25
898 163
899 188
900 108
901 53
902 161
903 214
904 132
905 103
906 235
907 95
908 87
909 182
910 26
911 208
912 234
913 199
914 190
915 146
916 93
917 239
918 89
919 85
920 174
921 16
922 190
923 206
924 153
925 116
926 26
927 142
928 168
929 67
930 235
931 59
932 51
933 110
934 161
935 28
936 189
937 217
938 163
939 137
940 57
941 194
942 8
943 202
944 210
945 169
946 136
947 62
948 198
949 17
950 215
951 232
952 204
953 193
954 154
955 104
956 15
957 119
958 134
959 10
960 144
961 154
962 55
963 209
964 21
965 230
966 8
967 238
968 3
969 241
970 1
971 242
972 0
973 242
974 242
975 241
976 240
977 238
978 235
979 230
980 222
981 209
982 188
983 154
984 99
985 10
986 109
987 119
988 228
989 104
990 89
991 193
992 39
993 232
994 28
995 17
996 45
997 62
998 107
999 169
