0 0 *
1 1
2 1
3 2
4 3
5 5
6 8
7 13
8 21
9 9
10 5
11 14
12 19
13 8
14 2
15 10
16 12
17 22
18 9
19 6
20 15
21 21
22 11
23 7
24 18
25 0
26 18
27 18
28 11
29 4
30 15
31 19
32 9
33 3
34 12
35 15
36 2
37 17
38 19
39 11
40 5
41 16
42 21
43 12
44 8
45 20
46 3
47 23
48 1
49 24
50 0
51 24
52 24
53 23
54 22
55 20
56 17
57 12
58 4
59 16
60 20
61 11
62 6
63 17
64 23
65 15
66 13
67 3
68 16
69 19
70 10
71 4
72 14
73 18
74 7
75 0
76 7
77 7
78 14
79 21
80 10
81 6
82 16
83 22
84 13
85 10
86 23
87 8
88 6
89 14
90 20
91 9
92 4
93 13
94 17
95 5
96 22
97 2
98 24
99 1
100 0 *
101 1
102 1
103 2
104 3
105 5
106 8
107 13
108 21
109 9
110 5
111 14
112 19
113 8
114 2
115 10
116 12
117 22
118 9
119 6
120 15
121 21
122 11
123 7
124 18
125 0
126 18
127 18
128 11
129 4
130 15
131 19
132 9
133 3
134 12
135 15
136 2
137 17
138 19
139 11
140 5
141 16
142 21
143 12
144 8
145 20
146 3
147 23
148 1
149 24
150 0
151 24
152 24
153 23
154 22
155 20
156 17
157 12
158 4
159 16
160 20
161 11
162 6
163 17
164 23
165 15
166 13
167 3
168 16
169 19
170 10
171 4
172 14
173 18
174 7
175 0
176 7
177 7
178 14
179 21
180 10
181 6
182 16
183 22
184 13
185 10
186 23
187 8
188 6
189 14
190 20
191 9
192 4
193 13
194 17
195 5
196 22
197 2
198 24
199 1
200 0 *
201 1
202 1
203 2
204 3
205 5
206 8
207 13
208 21
209 9
210 5
211 14
212 19
213 8
214 2
215 10
216 12
217 22
218 9
219 6
220 15
221 21
222 11
223 7
224 18
225 0
226 18
227 18
228 11
229 4
230 15
231 19
232 9
233 3
234 12
235 15
236 2
237 17
238 19
239 11
240 5
241 16
242 21
243 12
244 8
245 20
246 3
247 23
248 1
249 24
250 0
251 24
252 24
253 23
254 22
255 20
256 17
257 12
258 4
259 16
260 20
261 11
262 6
263 17
264 23
265 15
266 13
267 3
268 16
269 19
270 10
271 4
272 14
273 18
274 7
275 0
276 7
277 7
278 14
279 21
280 10
281 6
282 16
283 22
284 13
285 10
286 23
287 8
288 6
289 14
290 20
291 9
292 4
293 13
294 17
295 5
296 22
297 2
298 24
299 1
300 0 *
301 1
302 1
303 2
304 3
305 5
306 8
307 13
308 21
309 9
310 5
311 14
312 19
313 8
314 2
315 10
316 12
317 22
318 9
319 6
320 15
321 21
322 11
323 7
324 18
325 0
326 18
327 18
328 11
329 4
330 15
331 19
332 9
333 3
334 12
335 15
336 2
337 17
338 19
339 11
340 5
341 16
342 21
343 12
344 8
345 20
346 3
347 23
348 1
349 24
350 0
351 24
352 24
353 23
354 22
355 20
356 17
357 12
358 4
359 16
360 20
361 11
362 6
363 17
364 23
365 15
366 13
367 3
368 16
369 19
370 10
371 4
372 14
373 18
374 7
375 0
376 7
377 7
378 14
379 21
380 10
381 6
382 16
383 22
384 13
385 10
386 23
387 8
388 6
389 14
390 20
391 9
392 4
393 13
394 17
395 5
396 22
397 2
398 24
399 1
400 0 *
401 1
402 1
403 2
404 3
405 5
406 8
407 13
408 21
409 9
410 5
411 14
412 19
413 8
414 2
415 10
416 12
417 22
418 9
419 6
420 15
421 21
422 11
423 7
424 18
425 0
426 18
427 18
428 11
429 4
430 15
431 19
432 9
433 3
434 12
435 15
436 2
437 17
438 19
439 11
440 5
441 16
442 21
443 12
444 8
445 20
446 3
447 23
448 1
449 24
450 0
451 24
452 24
453 23
454 22
455 20
456 17
457 12
458 4
459 16
460 20
461 11
462 6
463 17
464 23
465 15
466 13
467 3
468 16
469 19
470 10
471 4
472 14
473 18
474 7
475 0
476 7
477 7
478 14
479 21
480 10
481 6
482 16
483 22
484 13
485 10
486 23
487 8
488 6
489 14
490 20
491 9
492 4
493 13
494 17
495 5
496 22
497 2
498 24
499 1
500 0 *
501 1
502 1
503 2
504 3
505 5
506 8
507 13
508 21
509 9
510 5
511 14
512 19
513 8
514 2
515 10
516 12
517 22
518 9
519 6
520 15
521 21
522 11
523 7
524 18
525 0
526 18
527 18
528 11
529 4
530 15
531 19
532 9
533 3
534 12
535 15
536 2
537 17
538 19
539 11
540 5
541 16
542 21
543 12
544 8
545 20
546 3
547 23
548 1
549 24
550 0
551 24
552 24
553 23
554 22
555 20
556 17
557 12
558 4
559 16
560 20
561 11
562 6
563 17
564 23
565 15
566 13
567 3
568 16
569 19
570 10
571 4
572 14
573 18
574 7
575 0
576 7
577 7
578 14
579 21
580 10
581 6
582 16
583 22
584 13
585 10
586 23
587 8
588 6
589 14
590 20
591 9
592 4
593 13
594 17
595 5
596 22
597 2
598 24
599 1
600 0 *
601 1
602 1
603 2
604 3
605 5
606 8
607 13
608 21
609 9
610 5
611 14
612 19
613 8
614 2
615 10
616 12
617 22
618 9
619 6
620 15
621 21
622 11
623 7
624 18
625 0
626 18
627 18
628 11
629 4
630 15
631 19
632 9
633 3
634 12
635 15
636 2
637 17
638 19
639 11
640 5
641 16
642 21
643 12
644 8
645 20
646 3
647 23
648 1
649 24
650 0
651 24
652 24
653 23
654 22
655 20
656 17
657 12
658 4
659 16
660 20
661 11
662 6
663 17
664 23
665 15
666 13
667 3
668 16
669 19
670 10
671 4
672 14
673 18
674 7
675 0
676 7
677 7
678 14
679 21
680 10
681 6
682 16
683 22
684 13
685 10
686 23
687 8
688 6
689 14
690 20
691 9
692 4
693 13
694 17
695 5
696 22
697 2
698 24
699 1
700 0 *
701 1
702 1
703 2
704 3
705 5
706 8
707 13
708 21
709 9
710 5
711 14
712 19
713 8
714 2
715 10
716 12
717 22
718 9
719 6
720 15
721 21
722 11
723 7
724 18
725 0
726 18
727 18
728 11
729 4
730 15
731 19
732 9
733 3
734 12
735 15
736 2
737 17
738 19
739 11
740 5
741 16
742 21
743 12
744 8
745 20
746 3
747 23
748 1
749 24
750 0
751 24
752 24
753 23
754 22
755 20
756 17
757 12
758 4
759 16
760 20
761 11
762 6
763 17
764 23
765 15
766 13
767 3
768 16
769 19
770 10
771 4
772 14
773 18
774 7
775 0
776 7
777 7
778 14
779 21
780 10
781 6
782 16
783 22
784 13
785 10
786 23
787 8
788 6
789 14
790 20
791 9
792 4
793 13
794 17
795 5
796 22
797 2
798 24
799 1
800 0 *
801 1
802 1
803 2
804 3
805 5
806 8
807 13
808 21
809 9
810 5
811 14
812 19
813 8
814 2
815 10
816 12
817 22
818 9
819 6
820 15
821 21
822 11
823 7
824 18
825 0
826 18
827 18
828 11
829 4
830 15
831 19
832 9
833 3
834 12
835 15
836 2
837 17
838 19
839 11
840 5
841 16
842 21
843 12
844 8
845 20
846 3
847 23
848 1
849 24
850 0
851 24
852 24
853 23
854 22
855 20
856 17
857 12
858 4
859 16
860 20
861 11
862 6
863 17
864 23
865 15
866 13
867 3
868 16
869 19
870 10
871 4
872 14
873 18
874 7
875 0
876 7
877 7
878 14
879 21
880 10
881 6
882 16
883 22
884 13
885 10
886 23
887 8
888 6
889 14
890 20
891 9
892 4
893 13
894 17
895 5
896 22
897 2
898 24
899 1
900 0 *
901 1
902 1
903 2
904 3
905 5
906 8
907 13
908 21
909 9
910 5
911 14
912 19
913 8
914 2
915 10
916 12
917 22
918 9
919 6
920 15
921 21
922 11
923 7
924 18
925 0
926 18
927 18
928 11
929 4
930 15
931 19
932 9
933 3
934 12
935 15
936 2
937 17
938 19
939 11
940 5
941 16
942 21
943 12
944 8
945 20
946 3
947 23
948 1
949 24
950 0
951 24
952 24
953 23
954 22
955 20
956 17
957 12
958 4
959 16
960 20
961 11
962 6
963 17
964 23
965 15
966 13
967 3
968 16
969 19
970 10
971 4
972 14
973 18
974 7
975 0
976 7
977 7
978 14
979 21
980 10
981 6
982 16
983 22
984 13
985 10
986 23
987 8
988 6
989 14
990 20
991 9
992 4
993 13
994 17
995 5
996 22
997 2
998 24
999 1
