0 0 *
1 1
2 1
3 2
4 3
5 5
6 1
7 6
8 0
9 6
10 6
11 5
12 4
13 2
14 6
15 1
16 0 *
17 1
18 1
19 2
20 3
21 5
22 1
23 6
24 0
25 6
26 6
27 5
28 4
29 2
30 6
31 1
32 0 *
33 1
34 1
35 2
36 3
37 5
38 1
39 6
40 0
41 6
42 6
43 5
44 4
45 2
46 6
47 1
48 0 *
49 1
50 1
51 2
52 3
53 5
54 1
55 6
56 0
57 6
58 6
59 5
60 4
61 2
62 6
63 1
64 0 *
65 1
66 1
67 2
68 3
69 5
70 1
71 6
72 0
73 6
74 6
75 5
76 4
77 2
78 6
79 1
80 0 *
81 1
82 1
83 2
84 3
85 5
86 1
87 6
88 0
89 6
90 6
91 5
92 4
93 2
94 6
95 1
96 0 *
97 1
98 1
99 2
100 3
101 5
102 1
103 6
104 0
105 6
106 6
107 5
108 4
109 2
110 6
111 1
112 0 *
113 1
114 1
115 2
116 3
117 5
118 1
119 6
120 0
121 6
122 6
123 5
124 4
125 2
126 6
127 1
128 0 *
129 1
130 1
131 2
132 3
133 5
134 1
135 6
136 0
137 6
138 6
139 5
140 4
141 2
142 6
143 1
144 0 *
145 1
146 1
147 2
148 3
149 5
150 1
151 6
152 0
153 6
154 6
155 5
156 4
157 2
158 6
159 1
160 0 *
161 1
162 1
163 2
164 3
165 5
166 1
167 6
168 0
169 6
170 6
171 5
172 4
173 2
174 6
175 1
176 0 *
177 1
178 1
179 2
180 3
181 5
182 1
183 6
184 0
185 6
186 6
187 5
188 4
189 2
190 6
191 1
192 0 *
193 1
194 1
195 2
196 3
197 5
198 1
199 6
200 0
201 6
202 6
203 5
204 4
205 2
206 6
207 1
208 0 *
209 1
210 1
211 2
212 3
213 5
214 1
215 6
216 0
217 6
218 6
219 5
220 4
221 2
222 6
223 1
224 0 *
225 1
226 1
227 2
228 3
229 5
230 1
231 6
232 0
233 6
234 6
235 5
236 4
237 2
238 6
239 1
240 0 *
241 1
242 1
243 2
244 3
245 5
246 1
247 6
248 0
249 6
250 6
251 5
252 4
253 2
254 6
255 1
256 0 *
257 1
258 1
259 2
260 3
261 5
262 1
263 6
264 0
265 6
266 6
267 5
268 4
269 2
270 6
271 1
272 0 *
273 1
274 1
275 2
276 3
277 5
278 1
279 6
280 0
281 6
282 6
283 5
284 4
285 2
286 6
287 1
288 0 *
289 1
290 1
291 2
292 3
293 5
294 1
295 6
296 0
297 6
298 6
299 5
300 4
301 2
302 6
303 1
304 0 *
305 1
306 1
307 2
308 3
309 5
310 1
311 6
312 0
313 6
314 6
315 5
316 4
317 2
318 6
319 1
320 0 *
321 1
322 1
323 2
324 3
325 5
326 1
327 6
328 0
329 6
330 6
331 5
332 4
333 2
334 6
335 1
336 0 *
337 1
338 1
339 2
340 3
341 5
342 1
343 6
344 0
345 6
346 6
347 5
348 4
349 2
350 6
351 1
352 0 *
353 1
354 1
355 2
356 3
357 5
358 1
359 6
360 0
361 6
362 6
363 5
364 4
365 2
366 6
367 1
368 0 *
369 1
370 1
371 2
372 3
373 5
374 1
375 6
376 0
377 6
378 6
379 5
380 4
381 2
382 6
383 1
384 0 *
385 1
386 1
387 2
388 3
389 5
390 1
391 6
392 0
393 6
394 6
395 5
396 4
397 2
398 6
399 1
400 0 *
401 1
402 1
403 2
404 3
405 5
406 1
407 6
408 0
409 6
410 6
411 5
412 4
413 2
414 6
415 1
416 0 *
417 1
418 1
419 2
420 3
421 5
422 1
423 6
424 0
425 6
426 6
427 5
428 4
429 2
430 6
431 1
432 0 *
433 1
434 1
435 2
436 3
437 5
438 1
439 6
440 0
441 6
442 6
443 5
444 4
445 2
446 6
447 1
448 0 *
449 1
450 1
451 2
452 3
453 5
454 1
455 6
456 0
457 6
458 6
459 5
460 4
461 2
462 6
463 1
464 0 *
465 1
466 1
467 2
468 3
469 5
470 1
471 6
472 0
473 6
474 6
475 5
476 4
477 2
478 6
479 1
480 0 *
481 1
482 1
483 2
484 3
485 5
486 1
487 6
488 0
489 6
490 6
491 5
492 4
493 2
494 6
495 1
496 0 *
497 1
498 1
499 2
500 3
501 5
502 1
503 6
504 0
505 6
506 6
507 5
508 4
509 2
510 6
511 1
512 0 *
513 1
514 1
515 2
516 3
517 5
518 1
519 6
520 0
521 6
522 6
523 5
524 4
525 2
526 6
527 1
528 0 *
529 1
530 1
531 2
532 3
533 5
534 1
535 6
536 0
537 6
538 6
539 5
540 4
541 2
542 6
543 1
544 0 *
545 1
546 1
547 2
548 3
549 5
550 1
551 6
552 0
553 6
554 6
555 5
556 4
557 2
558 6
559 1
560 0 *
561 1
562 1
563 2
564 3
565 5
566 1
567 6
568 0
569 6
570 6
571 5
572 4
573 2
574 6
575 1
576 0 *
577 1
578 1
579 2
580 3
581 5
582 1
583 6
584 0
585 6
586 6
587 5
588 4
589 2
590 6
591 1
592 0 *
593 1
594 1
595 2
596 3
597 5
598 1
599 6
600 0
601 6
602 6
603 5
604 4
605 2
606 6
607 1
608 0 *
609 1
610 1
611 2
612 3
613 5
614 1
615 6
616 0
617 6
618 6
619 5
620 4
621 2
622 6
623 1
624 0 *
625 1
626 1
627 2
628 3
629 5
630 1
631 6
632 0
633 6
634 6
635 5
636 4
637 2
638 6
639 1
640 0 *
641 1
642 1
643 2
644 3
645 5
646 1
647 6
648 0
649 6
650 6
651 5
652 4
653 2
654 6
655 1
656 0 *
657 1
658 1
659 2
660 3
661 5
662 1
663 6
664 0
665 6
666 6
667 5
668 4
669 2
670 6
671 1
672 0 *
673 1
674 1
675 2
676 3
677 5
678 1
679 6
680 0
681 6
682 6
683 5
684 4
685 2
686 6
687 1
688 0 *
689 1
690 1
691 2
692 3
693 5
694 1
695 6
696 0
697 6
698 6
699 5
700 4
701 2
702 6
703 1
704 0 *
705 1
706 1
707 2
708 3
709 5
710 1
711 6
712 0
713 6
714 6
715 5
716 4
717 2
718 6
719 1
720 0 *
721 1
722 1
723 2
724 3
725 5
726 1
727 6
728 0
729 6
730 6
731 5
732 4
733 2
734 6
735 1
736 0 *
737 1
738 1
739 2
740 3
741 5
742 1
743 6
744 0
745 6
746 6
747 5
748 4
749 2
750 6
751 1
752 0 *
753 1
754 1
755 2
756 3
757 5
758 1
759 6
760 0
761 6
762 6
763 5
764 4
765 2
766 6
767 1
768 0 *
769 1
770 1
771 2
772 3
773 5
774 1
775 6
776 0
777 6
778 6
779 5
780 4
781 2
782 6
783 1
784 0 *
785 1
786 1
787 2
788 3
789 5
790 1
791 6
792 0
793 6
794 6
795 5
796 4
797 2
798 6
799 1
800 0 *
801 1
802 1
803 2
804 3
805 5
806 1
807 6
808 0
809 6
810 6
811 5
812 4
813 2
814 6
815 1
816 0 *
817 1
818 1
819 2
820 3
821 5
822 1
823 6
824 0
825 6
826 6
827 5
828 4
829 2
830 6
831 1
832 0 *
833 1
834 1
835 2
836 3
837 5
838 1
839 6
840 0
841 6
842 6
843 5
844 4
845 2
846 6
847 1
848 0 *
849 1
850 1
851 2
852 3
853 5
854 1
855 6
856 0
857 6
858 6
859 5
860 4
861 2
862 6
863 1
864 0 *
865 1
866 1
867 2
868 3
869 5
870 1
871 6
872 0
873 6
874 6
875 5
876 4
877 2
878 6
879 1
880 0 *
881 1
882 1
883 2
884 3
885 5
886 1
887 6
888 0
889 6
890 6
891 5
892 4
893 2
894 6
895 1
896 0 *
897 1
898 1
899 2
900 3
901 5
902 1
903 6
904 0
905 6
906 6
907 5
908 4
909 2
910 6
911 1
912 0 *
913 1
914 1
915 2
916 3
917 5
918 1
919 6
920 0
921 6
922 6
923 5
924 4
925 2
926 6
927 1
928 0 *
929 1
930 1
931 2
932 3
933 5
934 1
935 6
936 0
937 6
938 6
939 5
940 4
941 2
942 6
943 1
944 0 *
945 1
946 1
947 2
948 3
949 5
950 1
951 6
952 0
953 6
954 6
955 5
956 4
957 2
958 6
959 1
960 0 *
961 1
962 1
963 2
964 3
965 5
966 1
967 6
968 0
969 6
970 6
971 5
972 4
973 2
974 6
975 1
976 0 *
977 1
978 1
979 2
980 3
981 5
982 1
983 6
984 0
985 6
986 6
987 5
988 4
989 2
990 6
991 1
992 0 *
993 1
994 1
995 2
996 3
997 5
998 1
999 6
