2 3 6 12 24 48 96 192 384 768 
3 8 24 72 216 648 1944 5832 17496 52488 
5 20 100 500 2500 12500 62500 312500 1562500 7812500 
7 16 112 784 5488 38416 268912 1882384 0 0 
11 10 110 1210 13310 146410 1610510 0 0 0 
13 28 364 4732 61516 799708 0 0 0 0 
17 36 612 10404 176868 3006756 0 0 0 0 
19 18 342 6498 123462 2345778 0 0 2937000 1772848 
23 48 1104 25392 584016 0 0 0 0 0 
29 14 406 11774 341446 9901934 0 0 0 0 
31 30 930 28830 893730 0 0 0 0 0 
37 76 2812 104044 3849628 0 0 2589048 0 0 
41 40 1640 67240 2756840 0 0 0 0 0 
43 88 3784 162712 6996616 0 0 0 0 0 
47 32 1504 70688 3322336 0 0 0 751424 751424 
53 108 5724 303372 0 0 2474370 0 2827480 0 
59 58 3422 201898 0 0 0 0 0 3300528 
61 60 3660 223260 0 0 583104 0 0 0 
67 136 9112 610504 0 0 0 0 1817128 0 
71 70 4970 352870 0 0 0 0 0 7211100 
73 148 10804 788692 0 0 0 1388520 0 0 
79 78 6162 486798 0 0 0 0 0 1550640 
83 168 13944 1157352 0 0 7320320 0 0 0 
89 44 3916 348524 0 0 0 0 0 0 
97 196 19012 1844164 0 5188680 0 0 0 0 
101 50 5050 510050 0 0 0 0 0 300720 
103 208 21424 2206672 0 0 0 0 0 0 
107 72 7704 824328 0 0 0 0 0 0 
109 108 11772 1283148 0 0 0 0 0 7388304 
113 76 8588 970444 0 0 0 0 0 0 
127 256 32512 4129024 0 0 0 889840 0 0 
131 130 17030 2230930 0 92400 0 0 6768720 0 
137 276 37812 5180244 0 3340176 0 0 0 0 
139 46 6394 888766 0 1653840 0 0 0 0 
149 148 22052 3285748 0 3991520 417120 0 0 0 
151 50 7550 1140050 0 0 2037360 0 0 0 
157 316 49612 7789084 0 108240 0 0 0 0 
163 328 53464 8714632 0 0 0 0 0 0 
167 336 56112 9370704 0 0 0 0 0 0 
173 348 60204 0 0 0 0 0 0 0 
179 178 31862 5703298 0 0 0 0 0 0 
181 90 16290 2948490 0 0 0 0 0 0 
191 190 36290 6931390 0 0 0 0 3058120 0 
193 388 74884 0 0 0 0 0 597360 0 
197 396 78012 0 0 0 0 0 2456160 0 
199 22 4378 871222 0 0 0 0 2100 181530 
211 42 8862 1869882 0 0 0 0 0 0 
223 448 99904 0 0 0 4777344 0 0 0 
227 456 103512 0 0 0 0 0 0 0 
229 114 26106 5978274 0 0 0 0 0 0 
233 52 12116 2823028 0 0 8645560 0 0 0 
239 238 56882 0 615960 0 6428416 0 5575428 0 
241 240 57840 0 1372560 0 0 0 0 0 
251 250 62750 0 98280 9078960 0 0 9190680 0 
257 516 132612 0 4737240 0 0 0 0 0 
263 176 46288 0 97440 3086760 0 0 0 0 
269 268 72092 0 0 6422710 0 0 0 0 
271 270 73170 0 0 0 0 0 1230768 0 
277 556 154012 0 0 0 0 0 0 0 
281 56 15736 4421816 0 4431696 0 0 0 0 
283 568 160744 0 0 0 0 0 6418016 7190256 
293 588 172284 0 0 0 0 0 0 0 
307 88 27016 8293912 160384 0 0 0 5528188 0 
311 310 96410 0 0 0 0 0 2304800 0 
313 628 196564 0 7665328 0 0 3538416 0 193752 
317 636 201612 0 0 0 77880 0 0 0 
331 110 36410 0 0 0 0 0 0 6526520 
337 676 227812 0 0 0 0 0 0 0 
347 232 80504 0 0 0 0 647920 0 0 
349 174 60726 0 0 0 0 0 0 0 
353 236 83308 0 0 0 0 0 0 1087560 
359 358 128522 0 0 0 6284080 0 0 0 
367 736 270112 0 1403784 0 3843840 2574288 0 0 
373 748 279004 0 0 0 0 0 0 0 
379 378 143262 0 9545400 0 0 0 0 0 
383 768 294144 0 7135414 0 0 0 0 0 
389 388 150932 0 0 0 0 0 0 0 
397 796 316012 0 0 0 0 0 0 0 
401 200 80200 0 0 0 0 0 0 0 
409 408 166872 0 0 0 0 0 0 0 
419 418 175142 0 290472 7283760 7569240 0 0 8413200 
421 84 35364 0 0 0 366800 6579420 0 0 
431 430 185330 0 7168928 0 0 0 0 0 
433 868 375844 0 2837340 0 6892200 0 0 0 
439 438 192282 0 0 0 0 0 0 0 
443 888 393384 0 0 0 0 0 0 0 
449 448 201152 0 0 7091040 0 0 0 0 
457 916 418612 0 8405432 0 0 0 0 0 
461 46 21206 9775966 0 0 6837840 6269872 0 0 
463 928 429664 0 0 0 0 0 0 0 
467 936 437112 0 0 0 0 0 0 2181440 
479 478 228962 0 0 2418780 0 0 0 0 
487 976 475312 0 0 1692760 0 0 0 0 
491 490 240590 0 0 0 0 0 0 0 
499 498 248502 0 0 0 0 0 0 0 
503 1008 507024 0 0 5264140 0 0 0 0 
509 254 129286 0 0 0 0 0 2979996 0 
521 26 13546 7057466 0 4051008 0 0 0 0 
523 1048 548104 0 0 0 0 0 0 0 
541 90 48690 0 0 0 0 0 0 0 
547 1096 599512 0 0 0 0 0 0 0 
557 124 69068 0 0 0 0 0 0 9646488 
563 376 211688 0 0 0 0 0 0 0 
569 568 323192 0 0 0 0 0 0 0 
571 570 325470 0 0 0 3887400 0 0 0 
577 1156 667012 0 0 0 0 0 0 0 
587 1176 690312 0 0 0 0 0 0 2504400 
593 1188 704484 0 0 0 0 0 1037520 0 
599 598 358202 0 0 0 0 0 0 0 
601 600 360600 0 0 0 0 0 8098104 0 
607 1216 738112 0 0 0 0 0 0 0 
613 1228 752764 0 0 0 0 0 0 0 
617 1236 762612 0 0 0 0 1806480 0 1574280 
619 206 127514 0 304200 0 0 0 0 0 
631 630 397530 0 1706320 693840 0 0 0 2619400 
641 640 410240 0 0 0 0 0 0 294216 
643 1288 828184 0 0 0 0 0 0 0 
647 1296 838512 0 0 0 23760 606960 0 0 
653 1308 854124 0 0 0 0 0 9952800 0 
659 658 433622 0 0 0 0 1300376 450840 0 
661 220 145420 0 0 0 0 0 0 0 
673 1348 907204 0 0 0 0 0 0 0 
677 452 306004 0 279840 0 0 0 0 764472 
683 1368 934344 0 0 0 0 0 0 0 
691 138 95358 0 0 1306984 5994660 0 404340 0 
701 700 490700 0 2471700 0 0 0 0 0 
709 118 83662 0 0 0 0 0 0 0 
719 718 516242 0 0 0 0 3258000 0 0 
727 1456 1058512 0 2940912 7414440 0 0 0 0 
733 1468 1076044 0 0 0 4413696 0 0 3367200 
739 738 545382 0 0 3779328 0 0 0 0 
743 496 368528 0 0 0 0 0 0 0 
751 750 563250 0 0 0 0 0 0 0 
757 1516 1147612 0 0 1403688 0 0 0 0 
761 380 289180 0 853440 0 0 0 0 0 
769 192 147648 0 0 1416240 0 0 0 0 
773 1548 1196604 0 0 0 5182920 0 0 0 
787 1576 1240312 0 0 0 0 0 1928880 172080 
797 228 181716 0 4431504 0 0 0 2442000 6223020 
809 202 163418 0 0 2244970 0 687960 0 1274112 
811 270 218970 0 0 0 0 0 0 0 
821 820 673220 0 0 0 2626416 0 0 0 
823 1648 1356304 0 0 472640 0 4367034 2978040 0 
827 1656 1369512 0 0 0 0 0 274560 0 
829 276 228804 0 0 0 0 0 0 736560 
839 838 703082 0 0 0 0 0 0 0 
853 1708 1456924 0 0 0 0 0 0 48720 
857 1716 1470612 0 0 0 1034280 0 0 0 
859 78 67002 0 0 0 0 0 3658688 0 
863 1728 1491264 0 0 0 0 0 0 0 
877 1756 1540012 0 0 0 8353160 0 0 0 
881 176 155056 0 0 0 9000 0 0 0 
883 1768 1561144 0 0 2550600 0 145200 3310320 0 
887 1776 1575312 0 5843344 0 0 0 0 0 
907 1816 1647112 0 0 0 0 0 0 0 
911 70 63770 0 0 354600 0 0 4619160 0 
919 102 93738 0 0 237120 0 0 0 0 
929 928 862112 0 0 0 2275920 0 0 0 
937 1876 1757812 0 0 8212864 0 490896 0 0 
941 470 442270 0 0 0 0 0 0 0 
947 1896 1795512 0 0 9983064 0 0 0 0 
953 212 202036 0 0 0 0 0 0 0 
967 176 170192 0 0 0 0 638352 0 0 
971 970 941870 0 3458832 0 0 0 0 0 
977 652 637004 0 0 0 0 0 0 0 
983 1968 1934544 0 0 0 0 0 0 0 
991 198 196218 0 0 0 0 0 0 0 
997 1996 1990012 0 7550500 0 0 0 0 0 
1009 126 127134 0 0 0 0 0 0 0 
1013 2028 2054364 0 0 0 0 295380 0 0 
1019 1018 1037342 0 5700900 0 0 0 0 0 
1021 510 520710 0 110160 0 0 0 0 0 
1031 206 212386 0 0 0 0 0 6506400 0 
1033 2068 2136244 0 8514072 0 0 0 2880 0 
1039 1038 1078482 0 0 0 0 0 383040 8800560 
1049 262 274838 0 0 0 0 0 871320 0 
1051 1050 1103550 0 0 0 515040 0 0 0 
1061 530 562330 0 0 0 3278700 0 0 0 
1063 2128 2262064 0 0 0 0 0 458480 1743440 
1069 356 380564 0 0 0 9199548 0 5399856 0 
1087 128 139136 0 1336440 0 0 0 0 0 
1091 1090 1189190 0 4670220 0 1302336 0 0 0 
1093 2188 2391484 0 0 0 127680 0 0 266640 
1097 732 803004 0 0 0 0 0 0 0 
1103 96 105888 0 0 0 0 0 1016760 9253800 
1109 554 614386 0 0 3690000 0 0 0 0 
1117 2236 2497612 0 0 0 0 0 0 0 
1123 2248 2524504 0 0 5175792 368280 0 0 0 
1129 1128 1273512 0 0 0 5472768 0 0 0 
1151 230 264730 0 0 0 3492720 0 0 0 
1153 2308 2661124 0 0 0 876960 0 0 0 
1163 2328 2707464 0 0 0 0 0 0 0 
1171 1170 1370070 0 0 0 0 0 0 0 
1181 1180 1393580 0 0 0 0 9492952 0 4480648 
1187 2376 2820312 0 0 0 0 0 0 0 
1193 2388 2848884 0 0 0 1580040 0 0 0 
1201 1200 1441200 0 0 0 0 1260720 0 236170 
1213 2428 2945164 0 0 0 0 193200 0 872160 
1217 812 988204 0 0 0 0 0 0 0 
1223 816 997968 0 1640100 0 0 0 0 0 
1229 614 754606 0 0 0 0 0 0 636320 
1231 410 504710 0 0 0 0 0 0 0 
1237 2476 3062812 0 0 0 0 0 0 0 
1249 624 779376 0 0 0 0 0 0 0 
1259 1258 1583822 0 0 0 0 0 3864832 0 
1277 852 1088004 0 27360 0 0 0 0 0 
1279 426 544854 0 0 0 0 204840 0 1554576 
1283 2568 3294744 0 0 0 0 0 0 0 
1289 322 415058 0 0 0 0 0 1056720 0 
1291 430 555130 0 0 924120 0 0 0 0 
1297 2596 3367012 0 0 3227724 174320 0 0 0 
1301 1300 1691300 0 4919328 0 0 0 0 0 
1303 2608 3398224 0 0 2597200 0 0 0 0 
1307 872 1139704 0 0 0 0 0 0 0 
1319 1318 1738442 0 0 0 0 0 0 0 
1321 1320 1743720 0 3720904 0 0 0 0 0 
1327 2656 3524512 0 6812400 0 0 0 0 0 
1361 680 925480 0 0 0 0 0 0 0 
1367 2736 3740112 0 0 0 0 0 0 0 
1373 2748 3773004 0 0 0 0 0 0 0 
1381 460 635260 0 0 0 0 0 0 0 
1399 1398 1955802 0 0 0 0 0 0 0 
1409 704 991936 0 0 0 3585240 0 0 0 
1423 2848 4052704 0 0 0 0 0 977520 0 
1427 168 239736 0 0 0 0 0 656676 529392 
1429 1428 2040612 0 0 0 0 0 0 8261424 
1433 2868 4109844 0 2110680 0 2348122 0 0 0 
1439 1438 2069282 0 0 0 0 0 0 0 
1447 2896 4190512 0 0 0 0 0 0 0 
1451 1450 2103950 0 0 0 0 0 0 0 
1453 2908 4225324 0 0 8909248 0 1831872 0 0 
1459 1458 2127222 0 0 0 0 0 0 0 
1471 490 720790 0 1775400 0 0 0 0 0 
1481 1480 2191880 0 0 0 0 89584 0 0 
1483 424 628792 0 0 0 3038040 1187316 0 0 
1487 2976 4425312 0 0 0 0 0 0 0 
1489 1488 2215632 0 0 0 0 0 78750 0 
1493 2988 4461084 0 0 0 0 0 0 0 
1499 1498 2245502 0 0 2731064 0 0 0 0 
1511 302 456322 0 0 0 0 0 0 0 
1523 1016 1547368 0 0 0 0 186920 0 0 
1531 1530 2342430 0 0 0 0 131472 0 9977520 
1543 3088 4764784 0 7955376 0 5662440 0 0 0 
1549 774 1198926 0 0 1355760 0 0 0 0 
1553 1036 1608908 0 0 0 0 0 0 0 
1559 1558 2428922 0 0 0 0 0 0 0 
1567 3136 4914112 1936000 2251920 0 0 0 7326000 0 
1571 1570 2466470 0 0 0 0 0 0 0 
1579 526 830554 0 0 1043280 0 0 0 177600 
1583 3168 5014944 5311368 0 0 4438980 0 0 0 
1597 68 108596 0 0 0 0 0 0 0 
1601 160 256160 0 0 120120 0 0 0 0 
1607 3216 5168112 0 0 0 0 0 0 122760 
1609 1608 2587272 2324160 0 0 0 0 0 0 
1613 3228 5206764 0 195440 0 0 5210928 0 3926160 
1619 1618 2619542 1426212 0 0 0 0 92944 0 
1621 810 1313010 946200 0 0 1730640 0 0 0 
1627 3256 5297512 3970528 0 0 0 9754126 0 0 
1637 3276 5362812 0 7913880 0 0 0 0 0 
1657 3316 5494612 0 0 0 0 0 0 0 
1663 3328 5534464 3754080 0 0 0 0 0 0 
1667 3336 5561112 0 6444040 0 0 0 0 0 
1669 834 1391946 5060160 0 0 0 0 0 0 
1693 3388 5735884 0 0 0 0 0 804336 710640 
1697 3396 5763012 0 0 0 0 0 0 0 
1699 566 961634 0 952160 0 0 0 0 0 
1709 854 1459486 0 0 0 0 0 0 0 
1721 430 740030 0 0 0 0 1433760 0 0 
1723 3448 5940904 0 0 0 0 4608720 0 0 
1733 1156 2003348 0 782848 0 0 0 0 0 
1741 870 1514670 0 0 0 0 6479928 0 0 
1747 3496 6107512 0 0 0 0 0 0 0 
1753 3508 6149524 0 0 0 983136 0 0 0 
1759 1758 3092322 0 6031200 0 0 0 0 0 
1777 3556 6319012 0 0 0 0 0 0 0 
1783 3568 6361744 0 0 190224 0 0 0 0 
1787 3576 6390312 0 0 109010 0 6362200 0 0 
1789 894 1599366 0 0 0 0 0 0 0 
1801 1800 3241800 0 0 0 0 0 841392 0 
1811 1810 3277910 0 0 0 0 0 5631600 0 
1823 1216 2216768 0 0 0 0 0 0 0 
1831 1830 3350730 0 0 0 0 0 0 0 
1847 3696 6826512 0 0 0 0 6887880 0 0 
1861 930 1730730 0 0 0 0 0 0 0 
1867 3736 6975112 0 314640 0 594440 3195072 0 0 
1871 374 699754 0 0 2641716 0 2797704 0 0 
1873 3748 7020004 0 0 0 0 8319108 5185680 0 
1877 1252 2350004 0 960120 0 0 1358160 0 1772460 
1879 1878 3528762 0 0 0 0 0 0 0 
1889 1888 3566432 0 0 0 0 0 0 0 
1901 1900 3611900 0 0 0 129720 0 0 0 
1907 3816 7277112 0 0 0 0 0 0 8267240 
1913 1276 2440988 0 0 0 0 0 0 0 
1931 1930 3726830 0 0 0 0 0 0 2877816 
1933 3868 7476844 0 0 7649040 4396488 0 0 0 
1949 1948 3796652 0 0 4537680 0 0 1173900 92144 
1951 390 760890 0 0 0 0 0 0 0 
1973 1316 2596468 0 0 3118080 0 0 0 75600 
1979 1978 3914462 3481872 0 0 0 0 0 0 
1987 3976 7900312 0 0 0 0 0 0 0 
1993 3988 7948084 0 0 0 0 6400264 0 405864 
1997 3996 7980012 3236688 2729824 0 0 0 0 0 
1999 666 1331334 0 1414032 0 0 0 0 0 
2003 4008 8028024 3543120 0 7353360 0 0 0 0 
2011 2010 4042110 0 6199056 0 0 7636920 2938320 0 
2017 4036 8140612 2995920 0 0 0 0 185256 0 
2027 1352 2740504 651600 0 1306728 1798290 0 0 0 
2029 1014 2057406 899640 0 0 0 0 232560 378840 
2039 2038 4155482 3024 0 0 0 2859880 0 0 
2053 4108 8433724 9031760 0 0 0 105360 0 0 
2063 4128 8516064 0 0 0 1874640 0 0 0 
2069 1034 2139346 0 0 7941360 0 0 0 2377800 
2081 130 270530 1944720 0 0 0 0 0 0 
2083 4168 8681944 0 0 0 0 0 0 102600 
2087 4176 8715312 787920 0 567336 0 0 0 0 
2089 1044 2180916 0 2021824 0 0 0 0 0 
2099 2098 4403702 546984 0 0 0 0 0 13464 
2111 2110 4454210 0 0 0 0 0 0 0 
2113 4228 8933764 0 0 0 0 0 4069800 0 
2129 2128 4530512 0 0 0 0 0 0 0 
2131 2130 4539030 0 0 5435820 0 0 0 0 
2137 4276 9137812 0 799280 0 0 0 0 0 
2141 2140 4581740 0 0 0 0 0 0 0 
2143 4288 9189184 0 0 0 0 0 0 0 
2153 4308 9275124 0 2578368 0 0 9180432 0 0 
2161 80 172880 0 0 0 0 0 0 0 
2179 198 431442 0 0 0 0 0 0 8317484 
2203 4408 9710824 0 9496256 0 0 0 0 0 
2207 64 141248 0 0 0 0 0 0 0 
2213 4428 9799164 0 0 0 0 0 4415600 0 
2221 148 328708 0 0 0 0 0 0 0 
2237 1492 3337604 0 0 0 0 5998608 0 0 
2239 746 1670294 0 0 0 0 0 0 0 
2243 1496 3355528 0 0 0 0 0 0 0 
2251 750 1688250 0 0 0 288288 0 0 0 
2267 1512 3427704 0 0 0 0 0 0 0 
2269 324 735156 0 0 0 0 0 0 0 
2273 4548 0 0 0 0 0 3854224 0 0 
2281 760 1733560 0 0 0 0 0 0 0 
2287 4576 0 0 0 0 0 0 0 0 
2293 4588 0 0 0 0 0 0 0 0 
2297 4596 0 0 0 0 0 0 0 120120 
2309 2308 5329172 0 0 0 0 0 0 317520 
2311 2310 5338410 1942200 0 0 0 0 0 0 
2333 1556 3630148 6132840 0 0 0 0 0 0 
2339 2338 5468582 550368 5851440 0 0 4703560 433860 0 
2341 2340 5477940 0 0 0 0 0 0 0 
2347 4696 0 0 0 873464 0 0 0 0 
2351 2350 5524850 0 0 0 0 0 0 0 
2357 4716 0 2196460 0 2492234 0 0 0 0 
2371 790 1873090 1136016 0 0 0 0 0 0 
2377 4756 0 222860 5930016 0 0 0 0 0 
2381 2380 5666780 0 0 954840 0 0 0 0 
2383 4768 0 0 0 0 0 0 0 0 
2389 398 950822 0 0 0 0 0 0 716760 
2393 4788 0 0 1244700 0 0 0 0 0 
2399 2398 5752802 0 0 0 3043320 0 0 0 
2411 2410 5810510 0 0 0 0 0 0 0 
2417 124 299708 0 9429420 0 0 0 5779648 0 
2423 4848 0 0 0 866760 0 0 0 385320 
2437 4876 0 0 0 0 0 0 0 1904832 
2441 1220 2978020 0 0 0 0 0 0 1183248 
2447 1632 3993504 0 0 2201496 384200 0 0 0 
2459 2458 6044222 0 9795136 0 0 0 0 0 
2467 4936 0 0 0 0 0 0 0 0 
2473 4948 0 0 0 0 0 0 0 0 
2477 4956 0 0 0 0 0 3426840 0 0 
2503 5008 0 0 0 0 0 0 0 0 
2521 120 302520 0 0 0 0 0 0 0 
2531 2530 6403430 0 0 0 0 0 0 0 
2539 2538 6443982 0 3981120 0 0 0 0 0 
2543 5088 0 0 969010 0 0 0 0 0 
2549 2548 6494852 0 0 0 0 1279200 117744 0 
2551 2550 6505050 12600 6165458 0 0 0 0 0 
2557 5116 0 0 0 0 0 0 0 0 
2579 2578 6648662 0 0 0 2164000 0 0 0 
2591 518 1342138 0 0 0 0 1220408 0 0 
2593 5188 0 9449208 0 0 0 0 0 0 
2609 2608 6804272 0 0 0 0 0 0 820080 
2617 5236 0 0 0 0 0 0 0 0 
2621 1310 3433510 0 0 0 0 0 0 0 
2633 5268 0 0 0 0 0 71440 0 3882850 
2647 5296 0 0 0 6509368 0 0 9840600 0 
2657 5316 0 0 0 0 0 0 0 2122128 
2659 886 2355874 0 0 0 0 0 0 0 
2663 1776 4729488 0 0 1363824 0 0 0 3191344 
2671 2670 7131570 0 0 0 7790640 0 0 0 
2677 5356 0 0 0 0 0 0 0 0 
2683 5368 0 0 0 0 0 0 0 0 
2687 1792 4815104 0 312780 0 0 0 0 0 
2689 896 2409344 0 0 0 0 0 0 0 
2693 5388 0 0 0 0 25200 0 0 0 
2699 2698 7281902 0 0 0 0 0 0 203832 
2707 5416 0 0 0 480384 0 0 0 0 
2711 2710 7346810 0 0 434520 0 0 0 5022160 
2713 5428 0 0 0 0 0 0 0 0 
2719 2718 7390242 0 0 0 0 0 510800 0 
2729 682 1861178 0 0 0 0 0 6584070 0 
2731 390 1065090 0 0 62700 0 8782576 0 0 
2741 2740 7510340 0 0 1093120 0 0 0 0 
2749 916 2518084 0 0 0 0 0 0 0 
2753 1836 5054508 0 0 1972200 0 0 4420416 0 
2767 5536 0 0 1352472 0 0 0 0 0 
2777 1852 5143004 60720 0 0 0 0 0 0 
2789 164 457396 2085456 0 0 0 0 0 0 
2791 2790 7786890 222480 1291032 9284800 0 0 0 0 
2797 5596 0 0 0 0 0 0 0 0 
2801 1400 3921400 0 0 0 0 583800 0 0 
2803 5608 0 0 0 9711792 0 0 694120 0 
2819 2818 7943942 0 0 0 0 0 0 0 
2833 5668 0 0 1305360 0 0 0 0 0 
2837 5676 0 0 0 0 0 0 0 310320 
2843 5688 0 0 0 0 0 2449520 745008 0 
2851 2850 8125350 0 0 0 0 0 0 0 
2857 5716 0 0 0 0 0 0 0 0 
2861 1430 4091230 0 0 0 0 0 0 0 
2879 2878 8285762 0 0 0 0 0 995280 0 
2887 5776 0 0 0 0 173040 0 0 0 
2897 5796 0 0 0 0 0 0 0 0 
2903 5808 0 0 0 0 0 0 0 0 
2909 2908 8459372 0 0 491040 0 0 0 0 
2917 5836 0 0 0 0 0 0 244944 0 
2927 5856 0 0 0 3557488 0 585024 172800 0 
2939 2938 8634782 0 0 0 0 0 0 0 
2953 5908 0 0 0 0 0 0 0 0 
2957 5916 0 0 206460 0 0 0 0 0 
2963 5928 0 3464244 2184240 0 0 0 0 0 
2969 424 1258856 0 0 0 0 0 0 0 
2971 2970 8823870 0 0 0 0 0 0 0 
2999 2998 8991002 0 0 0 0 0 1464380 0 
3001 100 300100 0 0 0 0 0 0 324720 
3011 3010 9063110 0 0 0 0 0 0 0 
3019 3018 9111342 0 0 0 0 0 0 0 
3023 864 2611872 0 0 6682640 0 0 0 97680 
3037 6076 0 0 0 38280 0 0 0 0 
3041 160 486560 0 0 2069328 0 0 0 0 
3049 762 2323338 0 0 0 0 0 0 0 
3061 3060 9366660 0 0 0 0 2905980 0 0 
3067 6136 0 0 0 7582000 0 0 0 0 
3079 162 498798 0 0 0 0 0 6141576 0 
3083 6168 0 2216760 0 205920 0 0 0 0 
3089 1544 4769416 2786400 4674816 0 0 0 0 0 
3109 3108 9662772 9031368 0 1013880 0 0 0 1802592 
3119 3118 9725042 0 0 0 0 0 0 0 
3121 520 1622920 374400 0 0 0 0 0 0 
3137 6276 0 0 0 0 0 8009820 0 0 
3163 6328 0 0 0 0 0 0 437760 0 
3167 192 608064 0 0 0 0 0 0 5541120 
3169 1584 5019696 0 0 1246200 258804 0 0 0 
3181 3180 0 0 0 1954520 0 0 0 0 
3187 6376 0 0 0 0 0 0 388500 0 
3191 3190 0 0 0 0 0 0 0 0 
3203 6408 0 0 0 0 0 0 0 0 
3209 3208 0 0 5119920 4767480 0 278256 1519440 0 
3217 6436 0 0 9711096 0 0 0 0 0 
3221 3220 0 0 0 0 0 0 0 0 
3229 3228 0 2660370 0 0 0 0 0 0 
3251 650 2113150 9320 605800 0 0 0 0 1414440 
3253 6508 0 0 9483600 0 0 0 0 0 
3257 6516 0 0 0 0 0 0 0 0 
3259 3258 0 0 0 0 0 0 0 0 
3271 1090 3565390 0 386152 0 0 0 0 1121472 
3299 194 640006 0 0 0 0 0 0 0 
3301 1650 5446650 0 0 0 0 0 0 0 
3307 6616 0 0 4375056 0 0 0 0 0 
3313 6628 0 0 0 0 0 0 0 0 
3319 3318 0 0 0 0 0 1390920 0 0 
3323 2216 7363768 0 0 0 0 0 0 0 
3329 416 1384864 0 0 3174920 0 0 0 0 
3331 1110 3697410 0 0 0 0 0 0 0 
3343 6688 0 0 0 0 0 0 2955016 0 
3347 2232 7470504 0 0 0 0 0 0 0 
3359 3358 0 0 9150480 0 0 0 0 0 
3361 3360 0 0 0 0 2721312 2155344 0 0 
3371 3370 0 0 264880 0 0 0 0 0 
3373 6748 0 0 0 0 0 0 0 0 
3389 1694 5740966 0 0 0 0 0 0 200640 
3391 1130 3831830 0 0 791376 0 0 0 0 
3407 2272 7740704 0 26160 0 0 0 0 4931640 
3413 6828 0 0 0 0 0 0 6098400 0 
3433 6868 0 0 0 0 0 0 8302724 0 
3449 3448 0 0 0 0 0 3781008 0 0 
3457 532 1839124 0 0 0 0 0 0 0 
3461 1730 5987530 0 0 0 0 0 0 0 
3463 6928 0 0 9079440 1619940 0 0 8185968 0 
3467 2312 8015704 0 0 0 0 0 0 0 
3469 102 353838 0 0 0 7716960 6490400 0 0 
3491 3490 0 0 0 0 0 0 0 0 
3499 1166 4079834 0 0 0 0 0 0 0 
3511 3510 0 0 0 0 0 55440 0 0 
3517 7036 0 0 0 0 0 0 0 0 
3527 7056 0 6943720 0 0 0 0 2698800 0 
3529 588 2075052 0 0 0 0 0 5952100 0 
3533 2356 8323748 0 0 0 4077900 0 0 0 
3539 3538 0 0 0 0 0 0 0 0 
3541 3540 0 0 0 0 0 0 0 0 
3547 7096 0 0 143472 0 55440 0 0 0 
3557 2372 8437204 0 0 146640 75480 0 0 0 
3559 3558 0 0 0 0 0 8524692 0 0 
3571 34 121414 0 0 0 0 0 0 0 
