2 3
3 8
5 20
7 16
11 10
13 28
17 36
19 18
23 48
29 14
31 30
37 76
41 40
43 88
47 32
53 108
59 58
61 60
67 136
71 70
73 148
79 78
83 168
89 44
97 196
101 50
103 208
107 72
109 108
113 76
127 256
131 130
137 276
139 46
149 148
151 50
157 316
163 328
167 336
173 348
179 178
181 90
191 190
193 388
197 396
199 22
211 42
223 448
227 456
229 114
233 52
239 238
241 240
251 250
257 516
263 176
269 268
271 270
277 556
281 56
283 568
293 588
307 88
311 310
313 628
317 636
331 110
337 676
347 232
349 174
353 236
359 358
367 736
373 748
379 378
383 768
389 388
397 796
401 200
409 408
419 418
421 84
431 430
433 868
439 438
443 888
449 448
457 916
461 46
463 928
467 936
479 478
487 976
491 490
499 498
503 1008
509 254
521 26
523 1048
541 90
547 1096
557 124
563 376
569 568
571 570
577 1156
587 1176
593 1188
599 598
601 600
607 1216
613 1228
617 1236
619 206
631 630
641 640
643 1288
647 1296
653 1308
659 658
661 220
673 1348
677 452
683 1368
691 138
701 700
709 118
719 718
727 1456
733 1468
739 738
743 496
751 750
757 1516
761 380
769 192
773 1548
787 1576
797 228
809 202
811 270
821 820
823 1648
827 1656
829 276
839 838
853 1708
857 1716
859 78
863 1728
877 1756
881 176
883 1768
887 1776
907 1816
911 70
919 102
929 928
937 1876
941 470
947 1896
953 212
967 176
971 970
977 652
983 1968
991 198
997 1996
1009 126
1013 2028
1019 1018
1021 510
1031 206
1033 2068
1039 1038
1049 262
1051 1050
1061 530
1063 2128
1069 356
1087 128
1091 1090
1093 2188
1097 732
1103 96
1109 554
1117 2236
1123 2248
1129 1128
1151 230
1153 2308
1163 2328
1171 1170
1181 1180
1187 2376
1193 2388
1201 1200
1213 2428
1217 812
1223 816
1229 614
1231 410
1237 2476
1249 624
1259 1258
1277 852
1279 426
1283 2568
1289 322
1291 430
1297 2596
1301 1300
1303 2608
1307 872
1319 1318
1321 1320
1327 2656
1361 680
1367 2736
1373 2748
1381 460
1399 1398
1409 704
1423 2848
1427 168
1429 1428
1433 2868
1439 1438
1447 2896
1451 1450
1453 2908
1459 1458
1471 490
1481 1480
1483 424
1487 2976
1489 1488
1493 2988
1499 1498
1511 302
1523 1016
1531 1530
1543 3088
1549 774
1553 1036
1559 1558
1567 3136
1571 1570
1579 526
1583 3168
1597 68
1601 160
1607 3216
1609 1608
1613 3228
1619 1618
1621 810
1627 3256
1637 3276
1657 3316
1663 3328
1667 3336
1669 834
1693 3388
1697 3396
1699 566
1709 854
1721 430
1723 3448
1733 1156
1741 870
1747 3496
1753 3508
1759 1758
1777 3556
1783 3568
1787 3576
1789 894
1801 1800
1811 1810
1823 1216
1831 1830
1847 3696
1861 930
1867 3736
1871 374
1873 3748
1877 1252
1879 1878
1889 1888
1901 1900
1907 3816
1913 1276
1931 1930
1933 3868
1949 1948
1951 390
1973 1316
1979 1978
1987 3976
1993 3988
1997 3996
1999 666
2003 4008
2011 2010
2017 4036
2027 1352
2029 1014
2039 2038
2053 4108
2063 4128
2069 1034
2081 130
2083 4168
2087 4176
2089 1044
2099 2098
2111 2110
2113 4228
2129 2128
2131 2130
2137 4276
2141 2140
2143 4288
2153 4308
2161 80
2179 198
2203 4408
2207 64
2213 4428
2221 148
2237 1492
2239 746
2243 1496
2251 750
2267 1512
2269 324
2273 4548
2281 760
2287 4576
2293 4588
2297 4596
2309 2308
2311 2310
2333 1556
2339 2338
2341 2340
2347 4696
2351 2350
2357 4716
2371 790
2377 4756
2381 2380
2383 4768
2389 398
2393 4788
2399 2398
2411 2410
2417 124
2423 4848
2437 4876
2441 1220
2447 1632
2459 2458
2467 4936
2473 4948
2477 4956
2503 5008
2521 120
2531 2530
2539 2538
2543 5088
2549 2548
2551 2550
2557 5116
2579 2578
2591 518
2593 5188
2609 2608
2617 5236
2621 1310
2633 5268
2647 5296
2657 5316
2659 886
2663 1776
2671 2670
2677 5356
2683 5368
2687 1792
2689 896
2693 5388
2699 2698
2707 5416
2711 2710
2713 5428
2719 2718
2729 682
2731 390
2741 2740
2749 916
2753 1836
2767 5536
2777 1852
2789 164
2791 2790
2797 5596
2801 1400
2803 5608
2819 2818
2833 5668
2837 5676
2843 5688
2851 2850
2857 5716
2861 1430
2879 2878
2887 5776
2897 5796
2903 5808
2909 2908
2917 5836
2927 5856
2939 2938
2953 5908
2957 5916
2963 5928
2969 424
2971 2970
2999 2998
3001 100
3011 3010
3019 3018
3023 864
3037 6076
3041 160
3049 762
3061 3060
3067 6136
3079 162
3083 6168
3089 1544
3109 3108
3119 3118
3121 520
3137 6276
3163 6328
3167 192
3169 1584
3181 3180
3187 6376
3191 3190
3203 6408
3209 3208
3217 6436
3221 3220
3229 3228
3251 650
3253 6508
3257 6516
3259 3258
3271 1090
3299 194
3301 1650
3307 6616
3313 6628
3319 3318
3323 2216
3329 416
3331 1110
3343 6688
3347 2232
3359 3358
3361 3360
3371 3370
3373 6748
3389 1694
3391 1130
3407 2272
3413 6828
3433 6868
3449 3448
3457 532
3461 1730
3463 6928
3467 2312
3469 102
3491 3490
3499 1166
3511 3510
3517 7036
3527 7056
3529 588
3533 2356
3539 3538
3541 3540
3547 7096
3557 2372
3559 3558
3571 34
